file	order	reorder	algo_time	bdd_time	reorder_time	minterms	span	ecr	inputs	clauses	functions	mean (variables_in_functions)	standard deviation (variables_in_functions)	median (variables_in_functions)	maxnode	total
busybox-1.18.0.xml	malik_fanin	CUDD_REORDER_SIFT	0.1712600000	16.0761	0	2.06114e+201	305992	26.346604215456676	846.0	977.0	2.0	63.29787234042553	51.90464670411891	63.29787234042553	9100	51760
busybox-1.18.0_1.xml	malik_fanin	CUDD_REORDER_SIFT	0.1552870000	32.5411	0	3.16086e+201	293782	26.516052318668255	833.0	963.0	2.0	63.38535414165666	51.78092875435702	63.38535414165666	29037	108577
busybox-1.18.0.xml	malik_fanin	CUDD_REORDER_SIFT	0.1597560000	15.6423	0	2.06114e+201	305992	26.346604215456676	846.0	977.0	2.0	63.29787234042553	51.90464670411891	63.29787234042553	9100	51760
busybox-1.18.0_1.xml	malik_fanin	CUDD_REORDER_SIFT	0.1539190000	32.8023	0	3.16086e+201	293782	26.516052318668255	833.0	963.0	2.0	63.38535414165666	51.78092875435702	63.38535414165666	29037	108577
busybox-1.18.0.xml	malik_fanin	CUDD_REORDER_SIFT	0.1545960000	15.8535	0	2.06114e+201	305992	26.346604215456676	846.0	977.0	2.0	63.29787234042553	51.90464670411891	63.29787234042553	9100	51760
busybox-1.18.0_1.xml	malik_fanin	CUDD_REORDER_SIFT	0.1481160000	32.1963	0	3.16086e+201	293782	26.516052318668255	833.0	963.0	2.0	63.38535414165666	51.78092875435702	63.38535414165666	29037	108577
busybox-1.18.0.xml	malik_fanin	CUDD_REORDER_SIFT	0.1462300000	15.7697	0	2.06114e+201	305992	26.346604215456676	846.0	977.0	2.0	63.29787234042553	51.90464670411891	63.29787234042553	9100	51760
busybox-1.18.0_1.xml	malik_fanin	CUDD_REORDER_SIFT	0.1707020000	32.4381	0	3.16086e+201	293782	26.516052318668255	833.0	963.0	2.0	63.38535414165666	51.78092875435702	63.38535414165666	29037	108577
busybox-1.18.0.xml	malik_fanin	CUDD_REORDER_SIFT	0.1533470000	16.1512	0	2.06114e+201	305992	26.346604215456676	846.0	977.0	2.0	63.29787234042553	51.90464670411891	63.29787234042553	9100	51760
busybox-1.18.0_1.xml	malik_fanin	CUDD_REORDER_SIFT	0.1501170000	32.2124	0	3.16086e+201	293782	26.516052318668255	833.0	963.0	2.0	63.38535414165666	51.78092875435702	63.38535414165666	29037	108577
busybox-1.18.0.xml	malik_fanin	CUDD_REORDER_SIFT	0.1524740000	15.6385	0	2.06114e+201	305992	26.346604215456676	846.0	977.0	2.0	63.29787234042553	51.90464670411891	63.29787234042553	9100	51760
busybox-1.18.0_1.xml	malik_fanin	CUDD_REORDER_SIFT	0.1602350000	32.3363	0	3.16086e+201	293782	26.516052318668255	833.0	963.0	2.0	63.38535414165666	51.78092875435702	63.38535414165666	29037	108577
busybox-1.18.0.xml	malik_fanin	CUDD_REORDER_SIFT	0.1409330000	15.5855	0	2.06114e+201	305992	26.346604215456676	846.0	977.0	2.0	63.29787234042553	51.90464670411891	63.29787234042553	9100	51760
busybox-1.18.0_1.xml	malik_fanin	CUDD_REORDER_SIFT	0.1456530000	32.3996	0	3.16086e+201	293782	26.516052318668255	833.0	963.0	2.0	63.38535414165666	51.78092875435702	63.38535414165666	29037	108577
busybox-1.18.0.xml	malik_fanin	CUDD_REORDER_SIFT	0.1580000000	15.9849	0	2.06114e+201	305992	26.346604215456676	846.0	977.0	2.0	63.29787234042553	51.90464670411891	63.29787234042553	9100	51760
busybox-1.18.0_1.xml	malik_fanin	CUDD_REORDER_SIFT	0.1562590000	33.2631	0	3.16086e+201	293782	26.516052318668255	833.0	963.0	2.0	63.38535414165666	51.78092875435702	63.38535414165666	29037	108577
busybox-1.18.0.xml	malik_fanin	CUDD_REORDER_SIFT	0.1634910000	15.8016	0	2.06114e+201	305992	26.346604215456676	846.0	977.0	2.0	63.29787234042553	51.90464670411891	63.29787234042553	9100	51760
busybox-1.18.0_1.xml	malik_fanin	CUDD_REORDER_SIFT	0.1560420000	32.3863	0	3.16086e+201	293782	26.516052318668255	833.0	963.0	2.0	63.38535414165666	51.78092875435702	63.38535414165666	29037	108577
busybox-1.18.0.xml	malik_fanin	CUDD_REORDER_SIFT	0.1548740000	16.3627	0	2.06114e+201	305992	26.346604215456676	846.0	977.0	2.0	63.29787234042553	51.90464670411891	63.29787234042553	9100	51760
busybox-1.18.0_1.xml	malik_fanin	CUDD_REORDER_SIFT	0.1511310000	32.0828	0	3.16086e+201	293782	26.516052318668255	833.0	963.0	2.0	63.38535414165666	51.78092875435702	63.38535414165666	29037	108577
busybox-1.18.0.xml	malik_fanin	CUDD_REORDER_SIFT	0.1516220000	15.7049	0	2.06114e+201	305992	26.346604215456676	846.0	977.0	2.0	63.29787234042553	51.90464670411891	63.29787234042553	9100	51760
busybox-1.18.0_1.xml	malik_fanin	CUDD_REORDER_SIFT	0.1470410000	32.1416	0	3.16086e+201	293782	26.516052318668255	833.0	963.0	2.0	63.38535414165666	51.78092875435702	63.38535414165666	29037	108577
busybox-1.18.0.xml	malik_fanin	CUDD_REORDER_SIFT	0.1572210000	15.8028	0	2.06114e+201	305992	26.346604215456676	846.0	977.0	2.0	63.29787234042553	51.90464670411891	63.29787234042553	9100	51760
busybox-1.18.0_1.xml	malik_fanin	CUDD_REORDER_SIFT	0.1507740000	32.2461	0	3.16086e+201	293782	26.516052318668255	833.0	963.0	2.0	63.38535414165666	51.78092875435702	63.38535414165666	29037	108577
busybox-1.18.0.xml	malik_fanin	CUDD_REORDER_SIFT	0.1574590000	15.4627	0	2.06114e+201	305992	26.346604215456676	846.0	977.0	2.0	63.29787234042553	51.90464670411891	63.29787234042553	9100	51760
busybox-1.18.0_1.xml	malik_fanin	CUDD_REORDER_SIFT	0.1462200000	32.3453	0	3.16086e+201	293782	26.516052318668255	833.0	963.0	2.0	63.38535414165666	51.78092875435702	63.38535414165666	29037	108577
busybox-1.18.0.xml	malik_fanin	CUDD_REORDER_SIFT	0.1516710000	15.5656	0	2.06114e+201	305992	26.346604215456676	846.0	977.0	2.0	63.29787234042553	51.90464670411891	63.29787234042553	9100	51760
busybox-1.18.0_1.xml	malik_fanin	CUDD_REORDER_SIFT	0.1599580000	32.6318	0	3.16086e+201	293782	26.516052318668255	833.0	963.0	2.0	63.38535414165666	51.78092875435702	63.38535414165666	29037	108577
busybox-1.18.0.xml	malik_fanin	CUDD_REORDER_SIFT	0.1493680000	16.0537	0	2.06114e+201	305992	26.346604215456676	846.0	977.0	2.0	63.29787234042553	51.90464670411891	63.29787234042553	9100	51760
busybox-1.18.0_1.xml	malik_fanin	CUDD_REORDER_SIFT	0.1583210000	32.4707	0	3.16086e+201	293782	26.516052318668255	833.0	963.0	2.0	63.38535414165666	51.78092875435702	63.38535414165666	29037	108577
busybox-1.18.0.xml	malik_fanin	CUDD_REORDER_SIFT	0.1485060000	16.1636	0	2.06114e+201	305992	26.346604215456676	846.0	977.0	2.0	63.29787234042553	51.90464670411891	63.29787234042553	9100	51760
busybox-1.18.0_1.xml	malik_fanin	CUDD_REORDER_SIFT	0.1510160000	32.9466	0	3.16086e+201	293782	26.516052318668255	833.0	963.0	2.0	63.38535414165666	51.78092875435702	63.38535414165666	29037	108577
busybox-1.18.0.xml	malik_fanin	CUDD_REORDER_SIFT	0.1569120000	16.1598	0	2.06114e+201	305992	26.346604215456676	846.0	977.0	2.0	63.29787234042553	51.90464670411891	63.29787234042553	9100	51760
busybox-1.18.0_1.xml	malik_fanin	CUDD_REORDER_SIFT	0.1668490000	32.7091	0	3.16086e+201	293782	26.516052318668255	833.0	963.0	2.0	63.38535414165666	51.78092875435702	63.38535414165666	29037	108577
busybox-1.18.0.xml	malik_fanin	CUDD_REORDER_SIFT	0.1501980000	16.1409	0	2.06114e+201	305992	26.346604215456676	846.0	977.0	2.0	63.29787234042553	51.90464670411891	63.29787234042553	9100	51760
busybox-1.18.0_1.xml	malik_fanin	CUDD_REORDER_SIFT	0.1553490000	32.9516	0	3.16086e+201	293782	26.516052318668255	833.0	963.0	2.0	63.38535414165666	51.78092875435702	63.38535414165666	29037	108577
busybox-1.18.0.xml	malik_fanin	CUDD_REORDER_SIFT	0.1664330000	16.1274	0	2.06114e+201	305992	26.346604215456676	846.0	977.0	2.0	63.29787234042553	51.90464670411891	63.29787234042553	9100	51760
busybox-1.18.0_1.xml	malik_fanin	CUDD_REORDER_SIFT	0.1626170000	32.7806	0	3.16086e+201	293782	26.516052318668255	833.0	963.0	2.0	63.38535414165666	51.78092875435702	63.38535414165666	29037	108577
busybox-1.18.0.xml	malik_fanin	CUDD_REORDER_SIFT	0.1575710000	16.3797	0	2.06114e+201	305992	26.346604215456676	846.0	977.0	2.0	63.29787234042553	51.90464670411891	63.29787234042553	9100	51760
busybox-1.18.0_1.xml	malik_fanin	CUDD_REORDER_SIFT	0.1638780000	33.1512	0	3.16086e+201	293782	26.516052318668255	833.0	963.0	2.0	63.38535414165666	51.78092875435702	63.38535414165666	29037	108577
busybox-1.18.0.xml	malik_fanin	CUDD_REORDER_SIFT	0.1532290000	16.4537	0	2.06114e+201	305992	26.346604215456676	846.0	977.0	2.0	63.29787234042553	51.90464670411891	63.29787234042553	9100	51760
busybox-1.18.0_1.xml	malik_fanin	CUDD_REORDER_SIFT	0.1635770000	33.4505	0	3.16086e+201	293782	26.516052318668255	833.0	963.0	2.0	63.38535414165666	51.78092875435702	63.38535414165666	29037	108577
busybox-1.18.0.xml	malik_fanin	CUDD_REORDER_SIFT	0.1563400000	16.1075	0	2.06114e+201	305992	26.346604215456676	846.0	977.0	2.0	63.29787234042553	51.90464670411891	63.29787234042553	9100	51760
busybox-1.18.0_1.xml	malik_fanin	CUDD_REORDER_SIFT	0.1461220000	33.2146	0	3.16086e+201	293782	26.516052318668255	833.0	963.0	2.0	63.38535414165666	51.78092875435702	63.38535414165666	29037	108577
busybox-1.18.0.xml	malik_fanin	CUDD_REORDER_SIFT	0.1551200000	16.1084	0	2.06114e+201	305992	26.346604215456676	846.0	977.0	2.0	63.29787234042553	51.90464670411891	63.29787234042553	9100	51760
busybox-1.18.0_1.xml	malik_fanin	CUDD_REORDER_SIFT	0.1588410000	33.3824	0	3.16086e+201	293782	26.516052318668255	833.0	963.0	2.0	63.38535414165666	51.78092875435702	63.38535414165666	29037	108577
busybox-1.18.0.xml	malik_fanin	CUDD_REORDER_SIFT	0.1635720000	17.0448	0	2.06114e+201	305992	26.346604215456676	846.0	977.0	2.0	63.29787234042553	51.90464670411891	63.29787234042553	9100	51760
busybox-1.18.0_1.xml	malik_fanin	CUDD_REORDER_SIFT	0.1624450000	32.4297	0	3.16086e+201	293782	26.516052318668255	833.0	963.0	2.0	63.38535414165666	51.78092875435702	63.38535414165666	29037	108577
busybox-1.18.0.xml	malik_fanin	CUDD_REORDER_SIFT	0.1500730000	16.136	0	2.06114e+201	305992	26.346604215456676	846.0	977.0	2.0	63.29787234042553	51.90464670411891	63.29787234042553	9100	51760
busybox-1.18.0_1.xml	malik_fanin	CUDD_REORDER_SIFT	0.2161550000	32.4887	0	3.16086e+201	293782	26.516052318668255	833.0	963.0	2.0	63.38535414165666	51.78092875435702	63.38535414165666	29037	108577
busybox-1.18.0.xml	malik_fanin	CUDD_REORDER_SIFT	0.1589550000	15.836	0	2.06114e+201	305992	26.346604215456676	846.0	977.0	2.0	63.29787234042553	51.90464670411891	63.29787234042553	9100	51760
busybox-1.18.0_1.xml	malik_fanin	CUDD_REORDER_SIFT	0.1638610000	32.5257	0	3.16086e+201	293782	26.516052318668255	833.0	963.0	2.0	63.38535414165666	51.78092875435702	63.38535414165666	29037	108577
busybox-1.18.0.xml	malik_fanin	CUDD_REORDER_SIFT	0.1761280000	16.2585	0	2.06114e+201	305992	26.346604215456676	846.0	977.0	2.0	63.29787234042553	51.90464670411891	63.29787234042553	9100	51760
busybox-1.18.0_1.xml	malik_fanin	CUDD_REORDER_SIFT	0.1715950000	32.5436	0	3.16086e+201	293782	26.516052318668255	833.0	963.0	2.0	63.38535414165666	51.78092875435702	63.38535414165666	29037	108577
busybox-1.18.0.xml	malik_fanin	CUDD_REORDER_SIFT	0.1504170000	16.0705	0	2.06114e+201	305992	26.346604215456676	846.0	977.0	2.0	63.29787234042553	51.90464670411891	63.29787234042553	9100	51760
busybox-1.18.0_1.xml	malik_fanin	CUDD_REORDER_SIFT	0.1622530000	32.4971	0	3.16086e+201	293782	26.516052318668255	833.0	963.0	2.0	63.38535414165666	51.78092875435702	63.38535414165666	29037	108577
busybox-1.18.0.xml	malik_fanin	CUDD_REORDER_SIFT	0.1666400000	15.8396	0	2.06114e+201	305992	26.346604215456676	846.0	977.0	2.0	63.29787234042553	51.90464670411891	63.29787234042553	9100	51760
busybox-1.18.0_1.xml	malik_fanin	CUDD_REORDER_SIFT	0.1500580000	32.7106	0	3.16086e+201	293782	26.516052318668255	833.0	963.0	2.0	63.38535414165666	51.78092875435702	63.38535414165666	29037	108577
busybox-1.18.0.xml	malik_fanin	CUDD_REORDER_SIFT	0.1576300000	15.8129	0	2.06114e+201	305992	26.346604215456676	846.0	977.0	2.0	63.29787234042553	51.90464670411891	63.29787234042553	9100	51760
busybox-1.18.0_1.xml	malik_fanin	CUDD_REORDER_SIFT	0.1565100000	32.3129	0	3.16086e+201	293782	26.516052318668255	833.0	963.0	2.0	63.38535414165666	51.78092875435702	63.38535414165666	29037	108577
busybox-1.18.0.xml	malik_fanin	CUDD_REORDER_SIFT	0.1619220000	15.7464	0	2.06114e+201	305992	26.346604215456676	846.0	977.0	2.0	63.29787234042553	51.90464670411891	63.29787234042553	9100	51760
busybox-1.18.0_1.xml	malik_fanin	CUDD_REORDER_SIFT	0.1612420000	33.7692	0	3.16086e+201	293782	26.516052318668255	833.0	963.0	2.0	63.38535414165666	51.78092875435702	63.38535414165666	29037	108577
busybox-1.18.0.xml	malik_fanin	CUDD_REORDER_SIFT	0.1537820000	16.2326	0	2.06114e+201	305992	26.346604215456676	846.0	977.0	2.0	63.29787234042553	51.90464670411891	63.29787234042553	9100	51760
busybox-1.18.0_1.xml	malik_fanin	CUDD_REORDER_SIFT	0.1716210000	32.3512	0	3.16086e+201	293782	26.516052318668255	833.0	963.0	2.0	63.38535414165666	51.78092875435702	63.38535414165666	29037	108577
busybox-1.18.0.xml	malik_fanin	CUDD_REORDER_SIFT	0.1617920000	15.872	0	2.06114e+201	305992	26.346604215456676	846.0	977.0	2.0	63.29787234042553	51.90464670411891	63.29787234042553	9100	51760
busybox-1.18.0_1.xml	malik_fanin	CUDD_REORDER_SIFT	0.1501850000	33.5644	0	3.16086e+201	293782	26.516052318668255	833.0	963.0	2.0	63.38535414165666	51.78092875435702	63.38535414165666	29037	108577
busybox-1.18.0.xml	malik_fanin	CUDD_REORDER_SIFT	0.1625370000	16.1738	0	2.06114e+201	305992	26.346604215456676	846.0	977.0	2.0	63.29787234042553	51.90464670411891	63.29787234042553	9100	51760
busybox-1.18.0_1.xml	malik_fanin	CUDD_REORDER_SIFT	0.1479870000	33.2562	0	3.16086e+201	293782	26.516052318668255	833.0	963.0	2.0	63.38535414165666	51.78092875435702	63.38535414165666	29037	108577
busybox-1.18.0.xml	malik_fanin	CUDD_REORDER_SIFT	0.1581110000	16.2949	0	2.06114e+201	305992	26.346604215456676	846.0	977.0	2.0	63.29787234042553	51.90464670411891	63.29787234042553	9100	51760
busybox-1.18.0_1.xml	malik_fanin	CUDD_REORDER_SIFT	0.1516310000	33.4744	0	3.16086e+201	293782	26.516052318668255	833.0	963.0	2.0	63.38535414165666	51.78092875435702	63.38535414165666	29037	108577
busybox-1.18.0.xml	malik_fanin	CUDD_REORDER_SIFT	0.1538170000	16.7297	0	2.06114e+201	305992	26.346604215456676	846.0	977.0	2.0	63.29787234042553	51.90464670411891	63.29787234042553	9100	51760
busybox-1.18.0_1.xml	malik_fanin	CUDD_REORDER_SIFT	0.1620120000	33.5869	0	3.16086e+201	293782	26.516052318668255	833.0	963.0	2.0	63.38535414165666	51.78092875435702	63.38535414165666	29037	108577
busybox-1.18.0.xml	malik_fanin	CUDD_REORDER_SIFT	0.1533620000	16.0716	0	2.06114e+201	305992	26.346604215456676	846.0	977.0	2.0	63.29787234042553	51.90464670411891	63.29787234042553	9100	51760
busybox-1.18.0_1.xml	malik_fanin	CUDD_REORDER_SIFT	0.1690980000	32.5495	0	3.16086e+201	293782	26.516052318668255	833.0	963.0	2.0	63.38535414165666	51.78092875435702	63.38535414165666	29037	108577
busybox-1.18.0.xml	malik_fanin	CUDD_REORDER_SIFT	0.1576360000	16.0908	0	2.06114e+201	305992	26.346604215456676	846.0	977.0	2.0	63.29787234042553	51.90464670411891	63.29787234042553	9100	51760
busybox-1.18.0_1.xml	malik_fanin	CUDD_REORDER_SIFT	0.1777590000	32.7642	0	3.16086e+201	293782	26.516052318668255	833.0	963.0	2.0	63.38535414165666	51.78092875435702	63.38535414165666	29037	108577
busybox-1.18.0.xml	malik_fanin	CUDD_REORDER_SIFT	0.1706080000	16.1765	0	2.06114e+201	305992	26.346604215456676	846.0	977.0	2.0	63.29787234042553	51.90464670411891	63.29787234042553	9100	51760
busybox-1.18.0_1.xml	malik_fanin	CUDD_REORDER_SIFT	0.2491800000	32.663	0	3.16086e+201	293782	26.516052318668255	833.0	963.0	2.0	63.38535414165666	51.78092875435702	63.38535414165666	29037	108577
busybox-1.18.0.xml	malik_fanin	CUDD_REORDER_SIFT	0.1680500000	15.9077	0	2.06114e+201	305992	26.346604215456676	846.0	977.0	2.0	63.29787234042553	51.90464670411891	63.29787234042553	9100	51760
busybox-1.18.0_1.xml	malik_fanin	CUDD_REORDER_SIFT	0.1598170000	33.8051	0	3.16086e+201	293782	26.516052318668255	833.0	963.0	2.0	63.38535414165666	51.78092875435702	63.38535414165666	29037	108577
busybox-1.18.0.xml	malik_fanin	CUDD_REORDER_SIFT	0.1675360000	16.4033	0	2.06114e+201	305992	26.346604215456676	846.0	977.0	2.0	63.29787234042553	51.90464670411891	63.29787234042553	9100	51760
busybox-1.18.0_1.xml	malik_fanin	CUDD_REORDER_SIFT	0.1621490000	32.964	0	3.16086e+201	293782	26.516052318668255	833.0	963.0	2.0	63.38535414165666	51.78092875435702	63.38535414165666	29037	108577
busybox-1.18.0.xml	malik_fanin	CUDD_REORDER_SIFT	0.1517330000	16.0555	0	2.06114e+201	305992	26.346604215456676	846.0	977.0	2.0	63.29787234042553	51.90464670411891	63.29787234042553	9100	51760
busybox-1.18.0_1.xml	malik_fanin	CUDD_REORDER_SIFT	0.1473420000	32.5124	0	3.16086e+201	293782	26.516052318668255	833.0	963.0	2.0	63.38535414165666	51.78092875435702	63.38535414165666	29037	108577
busybox-1.18.0.xml	malik_fanin	CUDD_REORDER_SIFT	0.1647140000	15.8751	0	2.06114e+201	305992	26.346604215456676	846.0	977.0	2.0	63.29787234042553	51.90464670411891	63.29787234042553	9100	51760
busybox-1.18.0_1.xml	malik_fanin	CUDD_REORDER_SIFT	0.1481130000	33.6245	0	3.16086e+201	293782	26.516052318668255	833.0	963.0	2.0	63.38535414165666	51.78092875435702	63.38535414165666	29037	108577
busybox-1.18.0.xml	malik_fanin	CUDD_REORDER_SIFT	0.1610850000	16.4907	0	2.06114e+201	305992	26.346604215456676	846.0	977.0	2.0	63.29787234042553	51.90464670411891	63.29787234042553	9100	51760
busybox-1.18.0_1.xml	malik_fanin	CUDD_REORDER_SIFT	0.1558710000	32.6265	0	3.16086e+201	293782	26.516052318668255	833.0	963.0	2.0	63.38535414165666	51.78092875435702	63.38535414165666	29037	108577
busybox-1.18.0.xml	malik_fanin	CUDD_REORDER_SIFT	0.1554800000	15.9985	0	2.06114e+201	305992	26.346604215456676	846.0	977.0	2.0	63.29787234042553	51.90464670411891	63.29787234042553	9100	51760
busybox-1.18.0_1.xml	malik_fanin	CUDD_REORDER_SIFT	0.1583170000	32.6257	0	3.16086e+201	293782	26.516052318668255	833.0	963.0	2.0	63.38535414165666	51.78092875435702	63.38535414165666	29037	108577
busybox-1.18.0.xml	malik_fanin	CUDD_REORDER_SIFT	0.1500340000	16.1469	0	2.06114e+201	305992	26.346604215456676	846.0	977.0	2.0	63.29787234042553	51.90464670411891	63.29787234042553	9100	51760
busybox-1.18.0_1.xml	malik_fanin	CUDD_REORDER_SIFT	0.1616100000	32.6471	0	3.16086e+201	293782	26.516052318668255	833.0	963.0	2.0	63.38535414165666	51.78092875435702	63.38535414165666	29037	108577
busybox-1.18.0.xml	malik_fanin	CUDD_REORDER_SIFT	0.1546540000	15.9454	0	2.06114e+201	305992	26.346604215456676	846.0	977.0	2.0	63.29787234042553	51.90464670411891	63.29787234042553	9100	51760
busybox-1.18.0_1.xml	malik_fanin	CUDD_REORDER_SIFT	0.1448550000	33.863	0	3.16086e+201	293782	26.516052318668255	833.0	963.0	2.0	63.38535414165666	51.78092875435702	63.38535414165666	29037	108577
busybox-1.18.0.xml	malik_fanin	CUDD_REORDER_SIFT	0.1547590000	16.7992	0	2.06114e+201	305992	26.346604215456676	846.0	977.0	2.0	63.29787234042553	51.90464670411891	63.29787234042553	9100	51760
busybox-1.18.0_1.xml	malik_fanin	CUDD_REORDER_SIFT	0.1643520000	32.6403	0	3.16086e+201	293782	26.516052318668255	833.0	963.0	2.0	63.38535414165666	51.78092875435702	63.38535414165666	29037	108577
busybox-1.18.0.xml	malik_fanin	CUDD_REORDER_SIFT	0.1556680000	16.8529	0	2.06114e+201	305992	26.346604215456676	846.0	977.0	2.0	63.29787234042553	51.90464670411891	63.29787234042553	9100	51760
busybox-1.18.0_1.xml	malik_fanin	CUDD_REORDER_SIFT	0.1542230000	33.5251	0	3.16086e+201	293782	26.516052318668255	833.0	963.0	2.0	63.38535414165666	51.78092875435702	63.38535414165666	29037	108577
busybox-1.18.0.xml	malik_fanin	CUDD_REORDER_SIFT	0.1661170000	16.3022	0	2.06114e+201	305992	26.346604215456676	846.0	977.0	2.0	63.29787234042553	51.90464670411891	63.29787234042553	9100	51760
busybox-1.18.0_1.xml	malik_fanin	CUDD_REORDER_SIFT	0.1620990000	33.5246	0	3.16086e+201	293782	26.516052318668255	833.0	963.0	2.0	63.38535414165666	51.78092875435702	63.38535414165666	29037	108577
busybox-1.18.0.xml	malik_fanin	CUDD_REORDER_SIFT	0.1559920000	15.7185	0	2.06114e+201	305992	26.346604215456676	846.0	977.0	2.0	63.29787234042553	51.90464670411891	63.29787234042553	9100	51760
busybox-1.18.0_1.xml	malik_fanin	CUDD_REORDER_SIFT	0.1616690000	32.7098	0	3.16086e+201	293782	26.516052318668255	833.0	963.0	2.0	63.38535414165666	51.78092875435702	63.38535414165666	29037	108577
