file	order	reorder	algo_time	bdd_time	reorder_time	minterms	span	inputs	clauses	functions	mean (variables_in_clause)	standard deviation (variables_in_clause)	median (variables_in_clause)	mean (variables_in_functions)	standard deviation (variables_in_functions)	median (variables_in_functions)	mean (variable_in_clauses)	standard deviation (variable_in_clauses)	median (variable_in_clauses)	mean (variable_mean_level)	standard deviation (variable_mean_level)	median (variable_mean_level)	maxnode	total
../thesis/xml/ecos_kernel.xml	malik_fanin	NONE	0.0029411764705882353	0.00031372549019607844	0.0	9.40598e+14	1661.0	57.0	72.0	2.0	3.4600389863547694	0.29033122036100095	3.508771929824561	67.54385964912281	45.8999138664952	67.54385964912281	3.460038986354772	9.912129116086664	1.3888888888888888	4.982456140350878	0.13245323570650439	5	58.0	108.0
../thesis/xml/ecos_kernel.xml	FORCE	NONE	0.0	0.000392156862745098	0.0	9.40598e+14	857.0	57.0	72.0	2.0	3.4600389863547694	0.29033122036100095	3.508771929824561	67.54385964912281	45.8999138664952	67.54385964912281	3.460038986354772	9.912129116086664	1.3888888888888888	4.982456140350878	0.13245323570650439	5	58.0	113.0
../thesis/xml/ecos_kernel.xml	narodyska	NONE	0.014705882352941185	0.0006274509803921569	0.0	9.40598e+14	1716.0	57.0	72.0	2.0	3.4600389863547694	0.29033122036100095	3.508771929824561	67.54385964912281	45.8999138664952	67.54385964912281	3.460038986354772	9.912129116086664	1.3888888888888888	4.982456140350878	0.13245323570650439	5	57.0	107.0
../thesis/xml/ecos_kernel.xml	malik_level	NONE	0.0029411764705882353	0.0006274509803921569	0.0	9.40598e+14	1661.0	57.0	72.0	2.0	3.4600389863547694	0.29033122036100095	3.508771929824561	67.54385964912281	45.8999138664952	67.54385964912281	3.460038986354772	9.912129116086664	1.3888888888888888	4.982456140350878	0.13245323570650439	5	58.0	108.0
../thesis/xml/ecos_kernel.xml	fujii	NONE	0.000784313725490196	0.0	0.0	9.40598e+14	1714.0	57.0	72.0	2.0	3.4600389863547694	0.29033122036100095	3.508771929824561	67.54385964912281	45.8999138664952	67.54385964912281	3.460038986354772	9.912129116086664	1.3888888888888888	4.982456140350878	0.13245323570650439	5	59.0	110.0
../thesis/xml/ecos_kernel.xml	fujita	NONE	0.001568627450980392	0.00015686274509803922	0.0	9.40598e+14	1612.0	57.0	72.0	2.0	3.4600389863547694	0.29033122036100095	3.508771929824561	67.54385964912281	45.8999138664952	67.54385964912281	3.460038986354772	9.912129116086664	1.3888888888888888	4.982456140350878	0.13245323570650439	5	57.0	102.0
../thesis/xml/ecos_kernel.xml	mendonca	NONE	0.010126159490196079	0.00047058823529411766	0.0	9.40598e+14	1507.078431372549	57.0	72.0	2.0	3.4600389863547694	0.29033122036100095	3.508771929824561	67.54385964912281	45.8999138664952	67.54385964912281	3.460038986354772	9.912129116086664	1.3888888888888888	4.982456140350878	0.13245323570650439	5	57.0	80.6078431372549
../thesis/xml/ecos_kernel.xml	MINCE	NONE	0.002549019607843137	0.00023529411764705883	0.0	9.40598e+14	805.7647058823529	57.0	72.0	2.0	3.4600389863547694	0.29033122036100095	3.508771929824561	67.54385964912281	45.8999138664952	67.54385964912281	3.460038986354772	9.912129116086664	1.3888888888888888	4.982456140350878	0.13245323570650439	5	58.0	85.76470588235294
../thesis/xml/ecos_isoinfra.xml	malik_fanin	NONE	0.007843137254901964	0.001647058823529412	0.0	7.13624e+45	11787.0	155.0	157.0	2.0	1.2862132730634874	0.051489476417266124	1.2903225806451613	50.96774193548387	69.34208434861627	50.96774193548387	1.2862132730634954	7.827041146702044	0.6369426751592357	5.0	0.0	5	157.0	160.0
../thesis/xml/ecos_isoinfra.xml	FORCE	NONE	0.0	0.002039215686274511	0.0	7.13624e+45	6009.0	155.0	157.0	2.0	1.2862132730634874	0.051489476417266124	1.2903225806451613	50.96774193548387	69.34208434861627	50.96774193548387	1.2862132730634954	7.827041146702044	0.6369426751592357	5.0	0.0	5	157.0	160.0
../thesis/xml/ecos_isoinfra.xml	narodyska	NONE	0.04862745098039216	0.00219607843137255	0.0	7.13624e+45	11940.0	155.0	157.0	2.0	1.2862132730634874	0.051489476417266124	1.2903225806451613	50.96774193548387	69.34208434861627	50.96774193548387	1.2862132730634954	7.827041146702044	0.6369426751592357	5.0	0.0	5	157.0	160.0
../thesis/xml/ecos_isoinfra.xml	malik_level	NONE	0.014509803921568634	0.001803921568627452	0.0	7.13624e+45	11787.0	155.0	157.0	2.0	1.2862132730634874	0.051489476417266124	1.2903225806451613	50.96774193548387	69.34208434861627	50.96774193548387	1.2862132730634954	7.827041146702044	0.6369426751592357	5.0	0.0	5	157.0	160.0
../thesis/xml/ecos_isoinfra.xml	fujii	NONE	0.0029411764705882353	0.0018823529411764717	0.0	7.13624e+45	11787.0	155.0	157.0	2.0	1.2862132730634874	0.051489476417266124	1.2903225806451613	50.96774193548387	69.34208434861627	50.96774193548387	1.2862132730634954	7.827041146702044	0.6369426751592357	5.0	0.0	5	158.0	161.0
../thesis/xml/ecos_isoinfra.xml	fujita	NONE	0.007450980392156866	0.0012549019607843142	0.0	7.13624e+45	11938.0	155.0	157.0	2.0	1.2862132730634874	0.051489476417266124	1.2903225806451613	50.96774193548387	69.34208434861627	50.96774193548387	1.2862132730634954	7.827041146702044	0.6369426751592357	5.0	0.0	5	156.0	157.0
../thesis/xml/ecos_isoinfra.xml	mendonca	NONE	0.008468154549019606	0.002666666666666668	0.0	7.13624e+45	11784.0	155.0	157.0	2.0	1.2862132730634874	0.051489476417266124	1.2903225806451613	50.96774193548387	69.34208434861627	50.96774193548387	1.2862132730634954	7.827041146702044	0.6369426751592357	5.0	0.0	5	156.0	159.0
../thesis/xml/ecos_isoinfra.xml	MINCE	NONE	0.010784313725490201	0.001803921568627452	0.0	7.13624e+45	6008.333333333333	155.0	157.0	2.0	1.2862132730634874	0.051489476417266124	1.2903225806451613	50.96774193548387	69.34208434861627	50.96774193548387	1.2862132730634954	7.827041146702044	0.6369426751592357	5.0	0.0	5	158.0	162.13725490196077
../thesis/xml/ecos_compat.xml	malik_fanin	NONE	0.000980392156862745	0.0	0.0	7.88954e+06	174.0	28.0	32.0	2.0	6.919642857142854	0.8783381729249374	7.142857142857142	60.714285714285715	55.55838995037159	60.714285714285715	6.919642857142857	9.710700372247969	3.125	4.928571428571429	0.262265264156481	5.0	29.0	34.0
../thesis/xml/ecos_compat.xml	FORCE	NONE	0.0	0.0	0.0	7.88954e+06	103.0	28.0	32.0	2.0	6.919642857142854	0.8783381729249374	7.142857142857142	60.714285714285715	55.55838995037159	60.714285714285715	6.919642857142857	9.710700372247969	3.125	4.928571428571429	0.262265264156481	5.0	29.0	32.0
../thesis/xml/ecos_compat.xml	narodyska	NONE	0.0029411764705882353	0.0	0.0	7.88954e+06	194.0	28.0	32.0	2.0	6.919642857142854	0.8783381729249374	7.142857142857142	60.714285714285715	55.55838995037159	60.714285714285715	6.919642857142857	9.710700372247969	3.125	4.928571428571429	0.262265264156481	5.0	27.0	33.0
../thesis/xml/ecos_compat.xml	malik_level	NONE	0.001764705882352941	0.0	0.0	7.88954e+06	207.0	28.0	32.0	2.0	6.919642857142854	0.8783381729249374	7.142857142857142	60.714285714285715	55.55838995037159	60.714285714285715	6.919642857142857	9.710700372247969	3.125	4.928571428571429	0.262265264156481	5.0	29.0	34.0
../thesis/xml/ecos_compat.xml	fujii	NONE	0.000196078431372549	0.0	0.0	7.88954e+06	165.0	28.0	32.0	2.0	6.919642857142854	0.8783381729249374	7.142857142857142	60.714285714285715	55.55838995037159	60.714285714285715	6.919642857142857	9.710700372247969	3.125	4.928571428571429	0.262265264156481	5.0	29.0	32.0
../thesis/xml/ecos_compat.xml	fujita	NONE	0.000392156862745098	0.0	0.0	7.88954e+06	208.0	28.0	32.0	2.0	6.919642857142854	0.8783381729249374	7.142857142857142	60.714285714285715	55.55838995037159	60.714285714285715	6.919642857142857	9.710700372247969	3.125	4.928571428571429	0.262265264156481	5.0	28.0	30.0
../thesis/xml/ecos_compat.xml	mendonca	NONE	0.006766288803921566	0.0	0.0	7.88954e+06	172.0	28.0	32.0	2.0	6.919642857142854	0.8783381729249374	7.142857142857142	60.714285714285715	55.55838995037159	60.714285714285715	6.919642857142857	9.710700372247969	3.125	4.928571428571429	0.262265264156481	5.0	27.0	32.0
../thesis/xml/ecos_compat.xml	MINCE	NONE	0.002352941176470588	0.0	0.0	7.88954e+06	101.0	28.0	32.0	2.0	6.919642857142854	0.8783381729249374	7.142857142857142	60.714285714285715	55.55838995037159	60.714285714285715	6.919642857142857	9.710700372247969	3.125	4.928571428571429	0.262265264156481	5.0	29.0	35.0
../thesis/xml/linux_fs.xml	malik_fanin	NONE	0.06176470588235295	0.21490196078431367	0.0	3.27212e+82	58150.0	339.0	541.0	2.0	0.594877834666492	0.06068050115920058	0.5899705014749262	80.23598820058997	27.950533533627546	80.23598820058997	0.5948778346664888	3.0780715043465445	0.36968576709796674	5.165191740412979	0.3719024436917365	5	18957.0	19565.0
../thesis/xml/linux_fs.xml	FORCE	NONE	0.0	11.232078431372548	0.0	3.27212e+82	29616.0	339.0	541.0	2.0	0.594877834666492	0.06068050115920058	0.5899705014749262	80.23598820058997	27.950533533627546	80.23598820058997	0.5948778346664888	3.0780715043465445	0.36968576709796674	5.165191740412979	0.3719024436917365	5	341510.0	396879.0
../thesis/xml/linux_fs.xml	narodyska	NONE	0.37176470588235305	0.3058823529411764	0.0	3.27212e+82	49748.0	339.0	541.0	2.0	0.594877834666492	0.06068050115920058	0.5899705014749262	80.23598820058997	27.950533533627546	80.23598820058997	0.5948778346664888	3.0780715043465445	0.36968576709796674	5.165191740412979	0.3719024436917365	5	25451.0	25935.0
../thesis/xml/linux_fs.xml	malik_level	NONE	0.12784313725490198	0.22070588235294114	0.0	3.27212e+82	60894.0	339.0	541.0	2.0	0.594877834666492	0.06068050115920058	0.5899705014749262	80.23598820058997	27.950533533627546	80.23598820058997	0.5948778346664888	3.0780715043465445	0.36968576709796674	5.165191740412979	0.3719024436917365	5	18957.0	19570.0
../thesis/xml/linux_fs.xml	fujii	NONE	0.024117647058823542	0.02549019607843139	0.0	3.27212e+82	53964.0	339.0	541.0	2.0	0.594877834666492	0.06068050115920058	0.5899705014749262	80.23598820058997	27.950533533627546	80.23598820058997	0.5948778346664888	3.0780715043465445	0.36968576709796674	5.165191740412979	0.3719024436917365	5	25347.0	32295.0
../thesis/xml/linux_fs.xml	fujita	NONE	0.0815686274509804	0.22909803921568633	0.0	3.27212e+82	55126.0	339.0	541.0	2.0	0.594877834666492	0.06068050115920058	0.5899705014749262	80.23598820058997	27.950533533627546	80.23598820058997	0.5948778346664888	3.0780715043465445	0.36968576709796674	5.165191740412979	0.3719024436917365	5	19771.0	26013.0
../thesis/xml/linux_fs.xml	mendonca	NONE	0.13493510358823532	0.024549019607843156	0.0	3.27212e+82	49878.117647058825	339.0	541.0	2.0	0.594877834666492	0.06068050115920058	0.5899705014749262	80.23598820058997	27.950533533627546	80.23598820058997	0.5948778346664888	3.0780715043465445	0.36968576709796674	5.165191740412979	0.3719024436917365	5	3970.607843137255	4905.862745098039
../thesis/xml/linux_fs.xml	MINCE	NONE	0.07784313725490195	0.022980392156862758	0.0	3.27212e+82	24533.62745098039	339.0	541.0	2.0	0.594877834666492	0.06068050115920058	0.5899705014749262	80.23598820058997	27.950533533627546	80.23598820058997	0.5948778346664888	3.0780715043465445	0.36968576709796674	5.165191740412979	0.3719024436917365	5	1308.9607843137255	1934.549019607843
../thesis/xml/REAL-FM-19.xml	malik_fanin	NONE	0.002156862745098039	7.843137254901961e-05	0.0	240	226.0	30.0	41.0	2.0	6.991869918699186	1.2483050839661867	6.666666666666667	61.666666666666664	54.21151989096864	61.666666666666664	6.991869918699185	6.134733900779088	4.878048780487805	7.2	1.3746472901853017	7.0	41.0	64.0
../thesis/xml/REAL-FM-19.xml	FORCE	NONE	0.0	7.843137254901961e-05	0.0	240	132.0	30.0	41.0	2.0	6.991869918699186	1.2483050839661867	6.666666666666667	61.666666666666664	54.21151989096864	61.666666666666664	6.991869918699185	6.134733900779088	4.878048780487805	7.2	1.3746472901853017	7.0	41.0	57.0
../thesis/xml/REAL-FM-19.xml	narodyska	NONE	0.005490196078431374	0.0	0.0	240	220.0	30.0	41.0	2.0	6.991869918699186	1.2483050839661867	6.666666666666667	61.666666666666664	54.21151989096864	61.666666666666664	6.991869918699185	6.134733900779088	4.878048780487805	7.2	1.3746472901853017	7.0	39.0	66.0
../thesis/xml/REAL-FM-19.xml	malik_level	NONE	0.00196078431372549	0.0	0.0	240	179.0	30.0	41.0	2.0	6.991869918699186	1.2483050839661867	6.666666666666667	61.666666666666664	54.21151989096864	61.666666666666664	6.991869918699185	6.134733900779088	4.878048780487805	7.2	1.3746472901853017	7.0	41.0	64.0
../thesis/xml/REAL-FM-19.xml	fujii	NONE	0.0	0.0	0.0	240	193.0	30.0	41.0	2.0	6.991869918699186	1.2483050839661867	6.666666666666667	61.666666666666664	54.21151989096864	61.666666666666664	6.991869918699185	6.134733900779088	4.878048780487805	7.2	1.3746472901853017	7.0	47.0	68.0
../thesis/xml/REAL-FM-19.xml	fujita	NONE	0.000784313725490196	7.843137254901961e-05	0.0	240	251.0	30.0	41.0	2.0	6.991869918699186	1.2483050839661867	6.666666666666667	61.666666666666664	54.21151989096864	61.666666666666664	6.991869918699185	6.134733900779088	4.878048780487805	7.2	1.3746472901853017	7.0	41.0	67.0
../thesis/xml/REAL-FM-19.xml	mendonca	NONE	0.006629366901960784	0.0	0.0	240	209.8235294117647	30.0	41.0	2.0	6.991869918699186	1.2483050839661867	6.666666666666667	61.666666666666664	54.21151989096864	61.666666666666664	6.991869918699185	6.134733900779088	4.878048780487805	7.2	1.3746472901853017	7.0	38.588235294117645	88.41176470588235
../thesis/xml/REAL-FM-19.xml	MINCE	NONE	0.004117647058823531	0.0	0.0	240	121.0	30.0	41.0	2.0	6.991869918699186	1.2483050839661867	6.666666666666667	61.666666666666664	54.21151989096864	61.666666666666664	6.991869918699185	6.134733900779088	4.878048780487805	7.2	1.3746472901853017	7.0	39.0	44.0
../thesis/xml/REAL-FM-20.xml	malik_fanin	NONE	0.006862745098039218	0.00031372549019607844	0.0	80658	140.0	44.0	51.0	1.0	4.946524064171118	1.2617941405344288	4.545454545454546	100.0		100.0	4.946524064171119	2.756430142626773	3.9215686274509802	11.704545454545455	2.7751349890029062	12.0	98.0	98.0
../thesis/xml/REAL-FM-20.xml	FORCE	NONE	0.0	0.00047058823529411766	0.0	80658	149.0	44.0	51.0	1.0	4.946524064171118	1.2617941405344288	4.545454545454546	100.0		100.0	4.946524064171119	2.756430142626773	3.9215686274509802	11.704545454545455	2.7751349890029062	12.0	132.0	132.0
../thesis/xml/REAL-FM-20.xml	narodyska	NONE	0.00901960784313726	0.0005490196078431372	0.0	80658	313.0	44.0	51.0	1.0	4.946524064171118	1.2617941405344288	4.545454545454546	100.0		100.0	4.946524064171119	2.756430142626773	3.9215686274509802	11.704545454545455	2.7751349890029062	12.0	211.0	211.0
../thesis/xml/REAL-FM-20.xml	malik_level	NONE	0.002549019607843137	0.0011764705882352947	0.0	80658	169.0	44.0	51.0	1.0	4.946524064171118	1.2617941405344288	4.545454545454546	100.0		100.0	4.946524064171119	2.756430142626773	3.9215686274509802	11.704545454545455	2.7751349890029062	12.0	123.0	123.0
../thesis/xml/REAL-FM-20.xml	fujii	NONE	0.000784313725490196	7.843137254901961e-05	0.0	80658	190.0	44.0	51.0	1.0	4.946524064171118	1.2617941405344288	4.545454545454546	100.0		100.0	4.946524064171119	2.756430142626773	3.9215686274509802	11.704545454545455	2.7751349890029062	12.0	215.0	215.0
../thesis/xml/REAL-FM-20.xml	fujita	NONE	0.001764705882352941	7.843137254901961e-05	0.0	80658	172.0	44.0	51.0	1.0	4.946524064171118	1.2617941405344288	4.545454545454546	100.0		100.0	4.946524064171119	2.756430142626773	3.9215686274509802	11.704545454545455	2.7751349890029062	12.0	128.0	128.0
../thesis/xml/REAL-FM-20.xml	mendonca	NONE	0.003608375137254903	0.0	0.0	80658	122.0	44.0	51.0	1.0	4.946524064171118	1.2617941405344288	4.545454545454546	100.0		100.0	4.946524064171119	2.756430142626773	3.9215686274509802	11.704545454545455	2.7751349890029062	12.0	88.0	88.0
../thesis/xml/REAL-FM-20.xml	MINCE	NONE	0.005490196078431374	7.843137254901961e-05	0.0	80658	116.56862745098039	44.0	51.0	1.0	4.946524064171118	1.2617941405344288	4.545454545454546	100.0		100.0	4.946524064171119	2.756430142626773	3.9215686274509802	11.704545454545455	2.7751349890029062	12.0	93.07843137254902	93.07843137254902
../thesis/xml/REAL-FM-18.xml	malik_fanin	NONE	0.003921568627450981	0.0006274509803921569	0.0	5.56816e+07	395.0	44.0	61.0	2.0	5.402384500745156	2.7885766097864932	4.545454545454546	64.77272727272728	49.81888685632494	64.77272727272728	5.402384500745159	3.0327002379054764	4.918032786885246	7.2727272727272725	1.1883863666536247	7.0	99.0	758.0
../thesis/xml/REAL-FM-18.xml	FORCE	NONE	0.0	0.00047058823529411766	0.0	5.56816e+07	350.0	44.0	61.0	2.0	5.402384500745156	2.7885766097864932	4.545454545454546	64.77272727272728	49.81888685632494	64.77272727272728	5.402384500745159	3.0327002379054764	4.918032786885246	7.2727272727272725	1.1883863666536247	7.0	91.0	531.0
../thesis/xml/REAL-FM-18.xml	narodyska	NONE	0.02450980392156864	0.000392156862745098	0.0	5.56816e+07	485.0	44.0	61.0	2.0	5.402384500745156	2.7885766097864932	4.545454545454546	64.77272727272728	49.81888685632494	64.77272727272728	5.402384500745159	3.0327002379054764	4.918032786885246	7.2727272727272725	1.1883863666536247	7.0	84.0	560.0
../thesis/xml/REAL-FM-18.xml	malik_level	NONE	0.003921568627450981	0.0005490196078431372	0.0	5.56816e+07	462.0	44.0	61.0	2.0	5.402384500745156	2.7885766097864932	4.545454545454546	64.77272727272728	49.81888685632494	64.77272727272728	5.402384500745159	3.0327002379054764	4.918032786885246	7.2727272727272725	1.1883863666536247	7.0	102.0	356.0
../thesis/xml/REAL-FM-18.xml	fujii	NONE	0.000784313725490196	0.0012549019607843142	0.0	5.56816e+07	705.0	44.0	61.0	2.0	5.402384500745156	2.7885766097864932	4.545454545454546	64.77272727272728	49.81888685632494	64.77272727272728	5.402384500745159	3.0327002379054764	4.918032786885246	7.2727272727272725	1.1883863666536247	7.0	369.0	2376.0
../thesis/xml/REAL-FM-18.xml	fujita	NONE	0.002745098039215686	0.0006274509803921569	0.0	5.56816e+07	393.0	44.0	61.0	2.0	5.402384500745156	2.7885766097864932	4.545454545454546	64.77272727272728	49.81888685632494	64.77272727272728	5.402384500745159	3.0327002379054764	4.918032786885246	7.2727272727272725	1.1883863666536247	7.0	91.0	1014.0
../thesis/xml/REAL-FM-18.xml	mendonca	NONE	0.006012153470588235	0.0	0.0	5.56816e+07	308.0	44.0	61.0	2.0	5.402384500745156	2.7885766097864932	4.545454545454546	64.77272727272728	49.81888685632494	64.77272727272728	5.402384500745159	3.0327002379054764	4.918032786885246	7.2727272727272725	1.1883863666536247	7.0	60.0	337.0
../thesis/xml/REAL-FM-18.xml	MINCE	NONE	0.004117647058823531	0.00047058823529411766	0.0	5.56816e+07	213.05882352941177	44.0	61.0	2.0	5.402384500745156	2.7885766097864932	4.545454545454546	64.77272727272728	49.81888685632494	64.77272727272728	5.402384500745159	3.0327002379054764	4.918032786885246	7.2727272727272725	1.1883863666536247	7.0	65.01960784313725	135.11764705882354
../thesis/xml/model_20130422_139902368.xml	malik_fanin	NONE	0.00196078431372549	0.0	0.0	6144	135.0	40.0	45.0	1.0	5.333333333333333	1.2613124477737832	5.0	100.0		100.0	5.333333333333337	3.0110065056839863	4.444444444444445	7.1	1.1723305738395526	7.0	53.0	53.0
../thesis/xml/model_20130422_139902368.xml	FORCE	NONE	0.0	0.0	0.0	6144	118.0	40.0	45.0	1.0	5.333333333333333	1.2613124477737832	5.0	100.0		100.0	5.333333333333337	3.0110065056839863	4.444444444444445	7.1	1.1723305738395526	7.0	52.0	52.0
../thesis/xml/model_20130422_139902368.xml	narodyska	NONE	0.00921568627450981	0.00031372549019607844	0.0	6144	254.0	40.0	45.0	1.0	5.333333333333333	1.2613124477737832	5.0	100.0		100.0	5.333333333333337	3.0110065056839863	4.444444444444445	7.1	1.1723305738395526	7.0	98.0	98.0
../thesis/xml/model_20130422_139902368.xml	malik_level	NONE	0.0033333333333333335	0.00015686274509803922	0.0	6144	232.0	40.0	45.0	1.0	5.333333333333333	1.2613124477737832	5.0	100.0		100.0	5.333333333333337	3.0110065056839863	4.444444444444445	7.1	1.1723305738395526	7.0	82.0	82.0
../thesis/xml/model_20130422_139902368.xml	fujii	NONE	0.0011764705882352942	7.843137254901961e-05	0.0	6144	240.0	40.0	45.0	1.0	5.333333333333333	1.2613124477737832	5.0	100.0		100.0	5.333333333333337	3.0110065056839863	4.444444444444445	7.1	1.1723305738395526	7.0	56.0	56.0
../thesis/xml/model_20130422_139902368.xml	fujita	NONE	0.000980392156862745	7.843137254901961e-05	0.0	6144	176.0	40.0	45.0	1.0	5.333333333333333	1.2613124477737832	5.0	100.0		100.0	5.333333333333337	3.0110065056839863	4.444444444444445	7.1	1.1723305738395526	7.0	53.0	53.0
../thesis/xml/model_20130422_139902368.xml	mendonca	NONE	0.0033770705686274522	7.843137254901961e-05	0.0	6144	131.0	40.0	45.0	1.0	5.333333333333333	1.2613124477737832	5.0	100.0		100.0	5.333333333333337	3.0110065056839863	4.444444444444445	7.1	1.1723305738395526	7.0	51.0	51.0
../thesis/xml/model_20130422_139902368.xml	MINCE	NONE	0.0029411764705882353	0.0	0.0	6144	112.27450980392157	40.0	45.0	1.0	5.333333333333333	1.2613124477737832	5.0	100.0		100.0	5.333333333333337	3.0110065056839863	4.444444444444445	7.1	1.1723305738395526	7.0	50.03921568627451	50.03921568627451
../thesis/xml/linux_mm.xml	malik_fanin	NONE	0.003529411764705883	0.0009411764705882355	0.0	1.29049e+18	2519.0	70.0	91.0	2.0	2.888540031397176	0.36750195384255374	2.857142857142857	69.28571428571429	43.43655941574506	69.28571428571429	2.8885400313971754	9.287194029906269	1.098901098901099	4.085714285714285	0.2819629507400963	4.0	110.0	120.0
../thesis/xml/linux_mm.xml	FORCE	NONE	0.0	0.0012549019607843142	0.0	1.29049e+18	1362.0	70.0	91.0	2.0	2.888540031397176	0.36750195384255374	2.857142857142857	69.28571428571429	43.43655941574506	69.28571428571429	2.8885400313971754	9.287194029906269	1.098901098901099	4.085714285714285	0.2819629507400963	4.0	61.0	79.0
../thesis/xml/linux_mm.xml	narodyska	NONE	0.020980392156862756	0.0007843137254901963	0.0	1.29049e+18	2652.0	70.0	91.0	2.0	2.888540031397176	0.36750195384255374	2.857142857142857	69.28571428571429	43.43655941574506	69.28571428571429	2.8885400313971754	9.287194029906269	1.098901098901099	4.085714285714285	0.2819629507400963	4.0	110.0	119.0
../thesis/xml/linux_mm.xml	malik_level	NONE	0.004901960784313726	0.0009411764705882355	0.0	1.29049e+18	2588.0	70.0	91.0	2.0	2.888540031397176	0.36750195384255374	2.857142857142857	69.28571428571429	43.43655941574506	69.28571428571429	2.8885400313971754	9.287194029906269	1.098901098901099	4.085714285714285	0.2819629507400963	4.0	110.0	119.0
../thesis/xml/linux_mm.xml	fujii	NONE	0.0013725490196078432	0.00015686274509803922	0.0	1.29049e+18	2612.0	70.0	91.0	2.0	2.888540031397176	0.36750195384255374	2.857142857142857	69.28571428571429	43.43655941574506	69.28571428571429	2.8885400313971754	9.287194029906269	1.098901098901099	4.085714285714285	0.2819629507400963	4.0	110.0	139.0
../thesis/xml/linux_mm.xml	fujita	NONE	0.00196078431372549	0.0007058823529411765	0.0	1.29049e+18	2608.0	70.0	91.0	2.0	2.888540031397176	0.36750195384255374	2.857142857142857	69.28571428571429	43.43655941574506	69.28571428571429	2.8885400313971754	9.287194029906269	1.098901098901099	4.085714285714285	0.2819629507400963	4.0	110.0	140.0
../thesis/xml/linux_mm.xml	mendonca	NONE	0.011046058098039215	0.00047058823529411766	0.0	1.29049e+18	2532.3529411764707	70.0	91.0	2.0	2.888540031397176	0.36750195384255374	2.857142857142857	69.28571428571429	43.43655941574506	69.28571428571429	2.8885400313971754	9.287194029906269	1.098901098901099	4.085714285714285	0.2819629507400963	4.0	40.3921568627451	49.3921568627451
../thesis/xml/linux_mm.xml	MINCE	NONE	0.007254901960784317	0.0008627450980392159	0.0	1.29049e+18	1254.235294117647	70.0	91.0	2.0	2.888540031397176	0.36750195384255374	2.857142857142857	69.28571428571429	43.43655941574506	69.28571428571429	2.8885400313971754	9.287194029906269	1.098901098901099	4.085714285714285	0.2819629507400963	4.0	36.23529411764706	45.72549019607843
../thesis/xml/model_20130307_609838668.xml	malik_fanin	NONE	0.014901960784313734	0.004000000000000003	0.0	5.25823e+31	4714.0	176.0	196.0	2.0	1.2378246753246716	0.4758101410392012	1.1363636363636365	51.42045454545455	68.70185203573843	51.42045454545455	1.2378246753246724	2.7642757788961956	0.5102040816326531	6.1647727272727275	1.4584171280811673	5.0	227.0	243.0
../thesis/xml/model_20130307_609838668.xml	FORCE	NONE	0.0	0.003607843137254904	0.0	5.25823e+31	1745.0	176.0	196.0	2.0	1.2378246753246716	0.4758101410392012	1.1363636363636365	51.42045454545455	68.70185203573843	51.42045454545455	1.2378246753246724	2.7642757788961956	0.5102040816326531	6.1647727272727275	1.4584171280811673	5.0	241.0	245.0
../thesis/xml/model_20130307_609838668.xml	narodyska	NONE	0.10647058823529411	0.00447058823529412	0.0	5.25823e+31	4050.0	176.0	196.0	2.0	1.2378246753246716	0.4758101410392012	1.1363636363636365	51.42045454545455	68.70185203573843	51.42045454545455	1.2378246753246724	2.7642757788961956	0.5102040816326531	6.1647727272727275	1.4584171280811673	5.0	446.0	456.0
../thesis/xml/model_20130307_609838668.xml	malik_level	NONE	0.022941176470588246	0.0050196078431372585	0.0	5.25823e+31	6389.0	176.0	196.0	2.0	1.2378246753246716	0.4758101410392012	1.1363636363636365	51.42045454545455	68.70185203573843	51.42045454545455	1.2378246753246724	2.7642757788961956	0.5102040816326531	6.1647727272727275	1.4584171280811673	5.0	932.0	1036.0
../thesis/xml/model_20130307_609838668.xml	fujii	NONE	0.006078431372549022	0.0043921568627451005	0.0	5.25823e+31	9308.0	176.0	196.0	2.0	1.2378246753246716	0.4758101410392012	1.1363636363636365	51.42045454545455	68.70185203573843	51.42045454545455	1.2378246753246724	2.7642757788961956	0.5102040816326531	6.1647727272727275	1.4584171280811673	5.0	579.0	615.0
../thesis/xml/model_20130307_609838668.xml	fujita	NONE	0.015294117647058833	0.0037647058823529434	0.0	5.25823e+31	2963.0	176.0	196.0	2.0	1.2378246753246716	0.4758101410392012	1.1363636363636365	51.42045454545455	68.70185203573843	51.42045454545455	1.2378246753246724	2.7642757788961956	0.5102040816326531	6.1647727272727275	1.4584171280811673	5.0	232.0	245.0
../thesis/xml/model_20130307_609838668.xml	mendonca	NONE	0.007404106921568626	0.003529411764705884	0.0	5.25823e+31	3011.0	176.0	196.0	2.0	1.2378246753246716	0.4758101410392012	1.1363636363636365	51.42045454545455	68.70185203573843	51.42045454545455	1.2378246753246724	2.7642757788961956	0.5102040816326531	6.1647727272727275	1.4584171280811673	5.0	220.0	226.0
../thesis/xml/model_20130307_609838668.xml	MINCE	NONE	0.01980392156862746	0.003529411764705884	0.0	5.25823e+31	1738.5686274509803	176.0	196.0	2.0	1.2378246753246716	0.4758101410392012	1.1363636363636365	51.42045454545455	68.70185203573843	51.42045454545455	1.2378246753246724	2.7642757788961956	0.5102040816326531	6.1647727272727275	1.4584171280811673	5.0	213.8235294117647	219.54901960784315
../thesis/xml/ecos_redboot.xml	malik_fanin	NONE	0.0033333333333333335	0.00023529411764705883	0.0	4.86389e+17	1863.0	63.0	67.0	2.0	3.1272210376687957	0.27215840907982686	3.1746031746031744	55.55555555555556	62.853936105470886	55.55555555555556	3.127221037668805	11.270686925412816	1.4925373134328357	4.984126984126984	0.12598815766974242	5	64.0	71.0
../thesis/xml/ecos_redboot.xml	FORCE	NONE	0.0	0.00023529411764705883	0.0	4.86389e+17	969.0	63.0	67.0	2.0	3.1272210376687957	0.27215840907982686	3.1746031746031744	55.55555555555556	62.853936105470886	55.55555555555556	3.127221037668805	11.270686925412816	1.4925373134328357	4.984126984126984	0.12598815766974242	5	64.0	69.0
../thesis/xml/ecos_redboot.xml	narodyska	NONE	0.012352941176470598	0.00015686274509803922	0.0	4.86389e+17	1924.0	63.0	67.0	2.0	3.1272210376687957	0.27215840907982686	3.1746031746031744	55.55555555555556	62.853936105470886	55.55555555555556	3.127221037668805	11.270686925412816	1.4925373134328357	4.984126984126984	0.12598815766974242	5	63.0	70.0
../thesis/xml/ecos_redboot.xml	malik_level	NONE	0.002156862745098039	0.0006274509803921569	0.0	4.86389e+17	1863.0	63.0	67.0	2.0	3.1272210376687957	0.27215840907982686	3.1746031746031744	55.55555555555556	62.853936105470886	55.55555555555556	3.127221037668805	11.270686925412816	1.4925373134328357	4.984126984126984	0.12598815766974242	5	64.0	71.0
../thesis/xml/ecos_redboot.xml	fujii	NONE	0.000980392156862745	7.843137254901961e-05	0.0	4.86389e+17	1922.0	63.0	67.0	2.0	3.1272210376687957	0.27215840907982686	3.1746031746031744	55.55555555555556	62.853936105470886	55.55555555555556	3.127221037668805	11.270686925412816	1.4925373134328357	4.984126984126984	0.12598815766974242	5	65.0	72.0
../thesis/xml/ecos_redboot.xml	fujita	NONE	0.0013725490196078432	7.843137254901961e-05	0.0	4.86389e+17	1895.0	63.0	67.0	2.0	3.1272210376687957	0.27215840907982686	3.1746031746031744	55.55555555555556	62.853936105470886	55.55555555555556	3.127221037668805	11.270686925412816	1.4925373134328357	4.984126984126984	0.12598815766974242	5	63.0	69.0
../thesis/xml/ecos_redboot.xml	mendonca	NONE	0.006565038117647059	0.00031372549019607844	0.0	4.86389e+17	1836.0	63.0	67.0	2.0	3.1272210376687957	0.27215840907982686	3.1746031746031744	55.55555555555556	62.853936105470886	55.55555555555556	3.127221037668805	11.270686925412816	1.4925373134328357	4.984126984126984	0.12598815766974242	5	63.0	69.0
../thesis/xml/ecos_redboot.xml	MINCE	NONE	0.005882352941176472	0.00031372549019607844	0.0	4.86389e+17	965.0	63.0	67.0	2.0	3.1272210376687957	0.27215840907982686	3.1746031746031744	55.55555555555556	62.853936105470886	55.55555555555556	3.127221037668805	11.270686925412816	1.4925373134328357	4.984126984126984	0.12598815766974242	5	64.0	70.66666666666667
../thesis/xml/REAL-FM-3.xml	malik_fanin	NONE	0.002352941176470588	0.00023529411764705883	0.0	2.1208e+06	269.0	43.0	55.0	2.0	5.073995771670189	1.4905043062452719	4.651162790697675	62.79069767441861	52.62189999527795	62.79069767441861	5.07399577167019	2.707231981844853	5.454545454545454	6.5813953488372094	0.7313574508612275	6	75.0	264.0
../thesis/xml/REAL-FM-3.xml	FORCE	NONE	0.0	0.00015686274509803922	0.0	2.1208e+06	228.0	43.0	55.0	2.0	5.073995771670189	1.4905043062452719	4.651162790697675	62.79069767441861	52.62189999527795	62.79069767441861	5.07399577167019	2.707231981844853	5.454545454545454	6.5813953488372094	0.7313574508612275	6	89.0	196.0
../thesis/xml/REAL-FM-3.xml	narodyska	NONE	0.011764705882352948	0.00031372549019607844	0.0	2.1208e+06	395.0	43.0	55.0	2.0	5.073995771670189	1.4905043062452719	4.651162790697675	62.79069767441861	52.62189999527795	62.79069767441861	5.07399577167019	2.707231981844853	5.454545454545454	6.5813953488372094	0.7313574508612275	6	121.0	562.0
../thesis/xml/REAL-FM-3.xml	malik_level	NONE	0.0033333333333333335	0.000392156862745098	0.0	2.1208e+06	363.0	43.0	55.0	2.0	5.073995771670189	1.4905043062452719	4.651162790697675	62.79069767441861	52.62189999527795	62.79069767441861	5.07399577167019	2.707231981844853	5.454545454545454	6.5813953488372094	0.7313574508612275	6	130.0	351.0
../thesis/xml/REAL-FM-3.xml	fujii	NONE	0.0013725490196078432	0.00047058823529411766	0.0	2.1208e+06	306.0	43.0	55.0	2.0	5.073995771670189	1.4905043062452719	4.651162790697675	62.79069767441861	52.62189999527795	62.79069767441861	5.07399577167019	2.707231981844853	5.454545454545454	6.5813953488372094	0.7313574508612275	6	241.0	581.0
../thesis/xml/REAL-FM-3.xml	fujita	NONE	0.002156862745098039	0.0	0.0	2.1208e+06	243.0	43.0	55.0	2.0	5.073995771670189	1.4905043062452719	4.651162790697675	62.79069767441861	52.62189999527795	62.79069767441861	5.07399577167019	2.707231981844853	5.454545454545454	6.5813953488372094	0.7313574508612275	6	73.0	197.0
../thesis/xml/REAL-FM-3.xml	mendonca	NONE	0.007292137686274509	0.00031372549019607844	0.0	2.1208e+06	265.2156862745098	43.0	55.0	2.0	5.073995771670189	1.4905043062452719	4.651162790697675	62.79069767441861	52.62189999527795	62.79069767441861	5.07399577167019	2.707231981844853	5.454545454545454	6.5813953488372094	0.7313574508612275	6	74.76470588235294	184.23529411764707
../thesis/xml/REAL-FM-3.xml	MINCE	NONE	0.003137254901960784	0.00015686274509803922	0.0	2.1208e+06	158.72549019607843	43.0	55.0	2.0	5.073995771670189	1.4905043062452719	4.651162790697675	62.79069767441861	52.62189999527795	62.79069767441861	5.07399577167019	2.707231981844853	5.454545454545454	6.5813953488372094	0.7313574508612275	6	76.2156862745098	96.86274509803921
../thesis/xml/REAL-FM-11.xml	malik_fanin	NONE	0.00431372549019608	0.0017254901960784325	0.0	6400	425.0	67.0	77.0	2.0	3.081992634231437	0.4423383545408412	2.9850746268656714	55.97014925373134	62.267612074636276	55.97014925373134	3.081992634231441	1.777756888728634	2.5974025974025974	7.074626865671642	1.6358987228396848	7	88.0	226.0
../thesis/xml/REAL-FM-11.xml	FORCE	NONE	0.0	0.0010196078431372552	0.0	6400	289.0	67.0	77.0	2.0	3.081992634231437	0.4423383545408412	2.9850746268656714	55.97014925373134	62.267612074636276	55.97014925373134	3.081992634231441	1.777756888728634	2.5974025974025974	7.074626865671642	1.6358987228396848	7	99.0	153.0
../thesis/xml/REAL-FM-11.xml	narodyska	NONE	0.015294117647058831	0.0016470588235294127	0.0	6400	695.0	67.0	77.0	2.0	3.081992634231437	0.4423383545408412	2.9850746268656714	55.97014925373134	62.267612074636276	55.97014925373134	3.081992634231441	1.777756888728634	2.5974025974025974	7.074626865671642	1.6358987228396848	7	213.0	265.0
../thesis/xml/REAL-FM-11.xml	malik_level	NONE	0.0070588235294117676	0.0014117647058823537	0.0	6400	524.0	67.0	77.0	2.0	3.081992634231437	0.4423383545408412	2.9850746268656714	55.97014925373134	62.267612074636276	55.97014925373134	3.081992634231441	1.777756888728634	2.5974025974025974	7.074626865671642	1.6358987228396848	7	161.0	312.0
../thesis/xml/REAL-FM-11.xml	fujii	NONE	0.00196078431372549	0.001333333333333334	0.0	6400	505.0	67.0	77.0	2.0	3.081992634231437	0.4423383545408412	2.9850746268656714	55.97014925373134	62.267612074636276	55.97014925373134	3.081992634231441	1.777756888728634	2.5974025974025974	7.074626865671642	1.6358987228396848	7	110.0	269.0
../thesis/xml/REAL-FM-11.xml	fujita	NONE	0.003921568627450981	0.0012549019607843142	0.0	6400	362.0	67.0	77.0	2.0	3.081992634231437	0.4423383545408412	2.9850746268656714	55.97014925373134	62.267612074636276	55.97014925373134	3.081992634231441	1.777756888728634	2.5974025974025974	7.074626865671642	1.6358987228396848	7	88.0	192.0
../thesis/xml/REAL-FM-11.xml	mendonca	NONE	0.006881880745098039	0.0005490196078431372	0.0	6400	397.1764705882353	67.0	77.0	2.0	3.081992634231437	0.4423383545408412	2.9850746268656714	55.97014925373134	62.267612074636276	55.97014925373134	3.081992634231441	1.777756888728634	2.5974025974025974	7.074626865671642	1.6358987228396848	7	80.66666666666667	157.90196078431373
../thesis/xml/REAL-FM-11.xml	MINCE	NONE	0.007450980392156866	0.0007843137254901963	0.0	6400	247.5686274509804	67.0	77.0	2.0	3.081992634231437	0.4423383545408412	2.9850746268656714	55.97014925373134	62.267612074636276	55.97014925373134	3.081992634231441	1.777756888728634	2.5974025974025974	7.074626865671642	1.6358987228396848	7	82.7843137254902	96.23529411764706
../thesis/xml/REAL-FM-1.xml	malik_fanin	NONE	0.01137254901960785	0.0017254901960784325	0.0	1.65299e+13	496.0	88.0	113.0	1.0	2.594529364440869	0.703605929724361	2.272727272727273	100.0		100.0	2.594529364440872	1.3735616314532486	1.7699115044247788	8.011363636363637	1.8162378583772325	8.0	155.0	155.0
../thesis/xml/REAL-FM-1.xml	FORCE	NONE	0.0	0.0021960784313725503	0.0	1.65299e+13	402.0	88.0	113.0	1.0	2.594529364440869	0.703605929724361	2.272727272727273	100.0		100.0	2.594529364440872	1.3735616314532486	1.7699115044247788	8.011363636363637	1.8162378583772325	8.0	149.0	149.0
../thesis/xml/REAL-FM-1.xml	narodyska	NONE	0.03588235294117649	0.0021960784313725503	0.0	1.65299e+13	1077.0	88.0	113.0	1.0	2.594529364440869	0.703605929724361	2.272727272727273	100.0		100.0	2.594529364440872	1.3735616314532486	1.7699115044247788	8.011363636363637	1.8162378583772325	8.0	397.0	397.0
../thesis/xml/REAL-FM-1.xml	malik_level	NONE	0.012352941176470594	0.00447058823529412	0.0	1.65299e+13	1077.0	88.0	113.0	1.0	2.594529364440869	0.703605929724361	2.272727272727273	100.0		100.0	2.594529364440872	1.3735616314532486	1.7699115044247788	8.011363636363637	1.8162378583772325	8.0	1374.0	1374.0
../thesis/xml/REAL-FM-1.xml	fujii	NONE	0.003921568627450981	0.0025098039215686293	0.0	1.65299e+13	1179.0	88.0	113.0	1.0	2.594529364440869	0.703605929724361	2.272727272727273	100.0		100.0	2.594529364440872	1.3735616314532486	1.7699115044247788	8.011363636363637	1.8162378583772325	8.0	437.0	437.0
../thesis/xml/REAL-FM-1.xml	fujita	NONE	0.007843137254901966	0.002117647058823531	0.0	1.65299e+13	447.0	88.0	113.0	1.0	2.594529364440869	0.703605929724361	2.272727272727273	100.0		100.0	2.594529364440872	1.3735616314532486	1.7699115044247788	8.011363636363637	1.8162378583772325	8.0	163.0	163.0
../thesis/xml/REAL-FM-1.xml	mendonca	NONE	0.004716273156862745	0.0016470588235294127	0.0	1.65299e+13	432.0	88.0	113.0	1.0	2.594529364440869	0.703605929724361	2.272727272727273	100.0		100.0	2.594529364440872	1.3735616314532486	1.7699115044247788	8.011363636363637	1.8162378583772325	8.0	145.0	145.0
../thesis/xml/REAL-FM-1.xml	MINCE	NONE	0.011764705882352948	0.001568627450980393	0.0	1.65299e+13	347.0980392156863	88.0	113.0	1.0	2.594529364440869	0.703605929724361	2.272727272727273	100.0		100.0	2.594529364440872	1.3735616314532486	1.7699115044247788	8.011363636363637	1.8162378583772325	8.0	146.27450980392157	146.27450980392157
../thesis/xml/linux_arch.xml	malik_fanin	NONE	0.0070588235294117676	0.0011764705882352947	0.0	3.4316e+32	6575.0	121.0	144.0	2.0	1.670110192837464	0.2066115702479337	1.6528925619834711	63.22314049586777	52.01033349223366	63.22314049586777	1.670110192837469	7.259950042347826	0.6944444444444444	4.12396694214876	0.4197270528546756	4	75.0	92.0
../thesis/xml/linux_arch.xml	FORCE	NONE	0.0	0.0014117647058823537	0.0	3.4316e+32	3429.0	121.0	144.0	2.0	1.670110192837464	0.2066115702479337	1.6528925619834711	63.22314049586777	52.01033349223366	63.22314049586777	1.670110192837469	7.259950042347826	0.6944444444444444	4.12396694214876	0.4197270528546756	4	78.0	93.0
../thesis/xml/linux_arch.xml	narodyska	NONE	0.04686274509803923	0.0016470588235294127	0.0	3.4316e+32	6799.0	121.0	144.0	2.0	1.670110192837464	0.2066115702479337	1.6528925619834711	63.22314049586777	52.01033349223366	63.22314049586777	1.670110192837469	7.259950042347826	0.6944444444444444	4.12396694214876	0.4197270528546756	4	75.0	92.0
../thesis/xml/linux_arch.xml	malik_level	NONE	0.010784313725490203	0.0010196078431372552	0.0	3.4316e+32	6920.0	121.0	144.0	2.0	1.670110192837464	0.2066115702479337	1.6528925619834711	63.22314049586777	52.01033349223366	63.22314049586777	1.670110192837469	7.259950042347826	0.6944444444444444	4.12396694214876	0.4197270528546756	4	75.0	98.0
../thesis/xml/linux_arch.xml	fujii	NONE	0.002352941176470588	0.001333333333333334	0.0	3.4316e+32	7418.0	121.0	144.0	2.0	1.670110192837464	0.2066115702479337	1.6528925619834711	63.22314049586777	52.01033349223366	63.22314049586777	1.670110192837469	7.259950042347826	0.6944444444444444	4.12396694214876	0.4197270528546756	4	164.0	210.0
../thesis/xml/linux_arch.xml	fujita	NONE	0.007254901960784317	0.001568627450980393	0.0	3.4316e+32	6709.0	121.0	144.0	2.0	1.670110192837464	0.2066115702479337	1.6528925619834711	63.22314049586777	52.01033349223366	63.22314049586777	1.670110192837469	7.259950042347826	0.6944444444444444	4.12396694214876	0.4197270528546756	4	75.0	91.0
../thesis/xml/linux_arch.xml	mendonca	NONE	0.011380110803921567	0.0008627450980392159	0.0	3.4316e+32	6745.941176470588	121.0	144.0	2.0	1.670110192837464	0.2066115702479337	1.6528925619834711	63.22314049586777	52.01033349223366	63.22314049586777	1.670110192837469	7.259950042347826	0.6944444444444444	4.12396694214876	0.4197270528546756	4	41.94117647058823	59.94117647058823
../thesis/xml/linux_arch.xml	MINCE	NONE	0.00882352941176471	0.001098039215686275	0.0	3.4316e+32	3360.1176470588234	121.0	144.0	2.0	1.670110192837464	0.2066115702479337	1.6528925619834711	63.22314049586777	52.01033349223366	63.22314049586777	1.670110192837469	7.259950042347826	0.6944444444444444	4.12396694214876	0.4197270528546756	4	41.294117647058826	56.411764705882355
../thesis/xml/linux_block.xml	malik_fanin	NONE	0.003137254901960784	0.00031372549019607844	0.0	1.22647e+15	1308.0	60.0	84.0	2.0	3.3531746031746046	0.4085799696955133	3.3333333333333335	71.66666666666667	40.069384267237695	71.66666666666667	3.353174603174607	5.512354126522832	2.380952380952381	4.766666666666667	0.5634839166238778	5.0	49.0	92.0
../thesis/xml/linux_block.xml	FORCE	NONE	0.0	0.0007058823529411765	0.0	1.22647e+15	490.0	60.0	84.0	2.0	3.3531746031746046	0.4085799696955133	3.3333333333333335	71.66666666666667	40.069384267237695	71.66666666666667	3.353174603174607	5.512354126522832	2.380952380952381	4.766666666666667	0.5634839166238778	5.0	49.0	87.0
../thesis/xml/linux_block.xml	narodyska	NONE	0.01843137254901962	0.00031372549019607844	0.0	1.22647e+15	897.0	60.0	84.0	2.0	3.3531746031746046	0.4085799696955133	3.3333333333333335	71.66666666666667	40.069384267237695	71.66666666666667	3.353174603174607	5.512354126522832	2.380952380952381	4.766666666666667	0.5634839166238778	5.0	66.0	112.0
../thesis/xml/linux_block.xml	malik_level	NONE	0.003725490196078432	0.000392156862745098	0.0	1.22647e+15	1703.0	60.0	84.0	2.0	3.3531746031746046	0.4085799696955133	3.3333333333333335	71.66666666666667	40.069384267237695	71.66666666666667	3.353174603174607	5.512354126522832	2.380952380952381	4.766666666666667	0.5634839166238778	5.0	80.0	160.0
../thesis/xml/linux_block.xml	fujii	NONE	0.001568627450980392	7.843137254901961e-05	0.0	1.22647e+15	1361.0	60.0	84.0	2.0	3.3531746031746046	0.4085799696955133	3.3333333333333335	71.66666666666667	40.069384267237695	71.66666666666667	3.353174603174607	5.512354126522832	2.380952380952381	4.766666666666667	0.5634839166238778	5.0	58.0	106.0
../thesis/xml/linux_block.xml	fujita	NONE	0.0033333333333333335	0.00031372549019607844	0.0	1.22647e+15	908.0	60.0	84.0	2.0	3.3531746031746046	0.4085799696955133	3.3333333333333335	71.66666666666667	40.069384267237695	71.66666666666667	3.353174603174607	5.512354126522832	2.380952380952381	4.766666666666667	0.5634839166238778	5.0	72.0	110.0
../thesis/xml/linux_block.xml	mendonca	NONE	0.010553482705882354	0.00031372549019607844	0.0	1.22647e+15	769.9411764705883	60.0	84.0	2.0	3.3531746031746046	0.4085799696955133	3.3333333333333335	71.66666666666667	40.069384267237695	71.66666666666667	3.353174603174607	5.512354126522832	2.380952380952381	4.766666666666667	0.5634839166238778	5.0	46.0	81.15686274509804
../thesis/xml/linux_block.xml	MINCE	NONE	0.004705882352941178	0.00015686274509803922	0.0	1.22647e+15	425.0980392156863	60.0	84.0	2.0	3.3531746031746046	0.4085799696955133	3.3333333333333335	71.66666666666667	40.069384267237695	71.66666666666667	3.353174603174607	5.512354126522832	2.380952380952381	4.766666666666667	0.5634839166238778	5.0	49.64705882352941	83.98039215686275
../thesis/xml/ecos_services.xml	malik_fanin	NONE	0.003529411764705883	0.00031372549019607844	0.0	5.54232e+11	589.0	53.0	77.0	2.0	3.7980887037490807	0.572088357399764	3.7735849056603774	71.69811320754717	40.02491214263477	71.69811320754717	3.798088703749083	4.432367006330859	1.2987012987012987	5.245283018867925	0.8063607795654997	5	64.0	127.0
../thesis/xml/ecos_services.xml	FORCE	NONE	0.0	0.00031372549019607844	0.0	5.54232e+11	353.0	53.0	77.0	2.0	3.7980887037490807	0.572088357399764	3.7735849056603774	71.69811320754717	40.02491214263477	71.69811320754717	3.798088703749083	4.432367006330859	1.2987012987012987	5.245283018867925	0.8063607795654997	5	97.0	129.0
../thesis/xml/ecos_services.xml	narodyska	NONE	0.01372549019607844	0.00015686274509803922	0.0	5.54232e+11	504.0	53.0	77.0	2.0	3.7980887037490807	0.572088357399764	3.7735849056603774	71.69811320754717	40.02491214263477	71.69811320754717	3.798088703749083	4.432367006330859	1.2987012987012987	5.245283018867925	0.8063607795654997	5	59.0	114.0
../thesis/xml/ecos_services.xml	malik_level	NONE	0.004117647058823531	0.0005490196078431372	0.0	5.54232e+11	920.0	53.0	77.0	2.0	3.7980887037490807	0.572088357399764	3.7735849056603774	71.69811320754717	40.02491214263477	71.69811320754717	3.798088703749083	4.432367006330859	1.2987012987012987	5.245283018867925	0.8063607795654997	5	114.0	267.0
../thesis/xml/ecos_services.xml	fujii	NONE	0.00196078431372549	0.00023529411764705883	0.0	5.54232e+11	543.0	53.0	77.0	2.0	3.7980887037490807	0.572088357399764	3.7735849056603774	71.69811320754717	40.02491214263477	71.69811320754717	3.798088703749083	4.432367006330859	1.2987012987012987	5.245283018867925	0.8063607795654997	5	69.0	146.0
../thesis/xml/ecos_services.xml	fujita	NONE	0.001764705882352941	0.0005490196078431372	0.0	5.54232e+11	528.0	53.0	77.0	2.0	3.7980887037490807	0.572088357399764	3.7735849056603774	71.69811320754717	40.02491214263477	71.69811320754717	3.798088703749083	4.432367006330859	1.2987012987012987	5.245283018867925	0.8063607795654997	5	68.0	146.0
../thesis/xml/ecos_services.xml	mendonca	NONE	0.009130712450980391	0.00015686274509803922	0.0	5.54232e+11	491.45098039215685	53.0	77.0	2.0	3.7980887037490807	0.572088357399764	3.7735849056603774	71.69811320754717	40.02491214263477	71.69811320754717	3.798088703749083	4.432367006330859	1.2987012987012987	5.245283018867925	0.8063607795654997	5	58.0	86.58823529411765
../thesis/xml/ecos_services.xml	MINCE	NONE	0.005098039215686276	0.000392156862745098	0.0	5.54232e+11	275.98039215686276	53.0	77.0	2.0	3.7980887037490807	0.572088357399764	3.7735849056603774	71.69811320754717	40.02491214263477	71.69811320754717	3.798088703749083	4.432367006330859	1.2987012987012987	5.245283018867925	0.8063607795654997	5	78.03921568627452	103.01960784313725
../thesis/xml/REAL-FM-4.xml	malik_fanin	NONE	0.05470588235294116	0.025490196078431386	0.0	4.52041e+49	3859.0	290.0	351.0	2.0	0.7800373317614634	0.3265532273965427	0.6896551724137931	55.86206896551724	62.42046068405384	55.86206896551724	0.7800373317614705	0.5737505315647994	0.5698005698005698	9.193103448275862	2.1782077383021017	9.0	6223.0	22551.0
../thesis/xml/REAL-FM-4.xml	FORCE	NONE	0.0	0.03850980392156865	0.0	4.52041e+49	4134.0	290.0	351.0	2.0	0.7800373317614634	0.3265532273965427	0.6896551724137931	55.86206896551724	62.42046068405384	55.86206896551724	0.7800373317614705	0.5737505315647994	0.5698005698005698	9.193103448275862	2.1782077383021017	9.0	3267.0	47736.0
../thesis/xml/REAL-FM-4.xml	narodyska	NONE	0.31274509803921563	1.563921568627451	0.0	4.52041e+49	9365.0	290.0	351.0	2.0	0.7800373317614634	0.3265532273965427	0.6896551724137931	55.86206896551724	62.42046068405384	55.86206896551724	0.7800373317614705	0.5737505315647994	0.5698005698005698	9.193103448275862	2.1782077383021017	9.0	666395.0	1130767.0
../thesis/xml/REAL-FM-4.xml	malik_level	NONE	0.09058823529411765	0.2216470588235294	0.0	4.52041e+49	7995.0	290.0	351.0	2.0	0.7800373317614634	0.3265532273965427	0.6896551724137931	55.86206896551724	62.42046068405384	55.86206896551724	0.7800373317614705	0.5737505315647994	0.5698005698005698	9.193103448275862	2.1782077383021017	9.0	84360.0	407331.0
../thesis/xml/REAL-FM-4.xml	fujii	NONE	0.02019607843137256	0.11152941176470584	0.0	4.52041e+49	6656.0	290.0	351.0	2.0	0.7800373317614634	0.3265532273965427	0.6896551724137931	55.86206896551724	62.42046068405384	55.86206896551724	0.7800373317614705	0.5737505315647994	0.5698005698005698	9.193103448275862	2.1782077383021017	9.0	11935.0	336019.0
../thesis/xml/REAL-FM-4.xml	fujita	NONE	0.05470588235294116	0.03427450980392159	0.0	4.52041e+49	4568.0	290.0	351.0	2.0	0.7800373317614634	0.3265532273965427	0.6896551724137931	55.86206896551724	62.42046068405384	55.86206896551724	0.7800373317614705	0.5737505315647994	0.5698005698005698	9.193103448275862	2.1782077383021017	9.0	11393.0	74038.0
../thesis/xml/REAL-FM-4.xml	mendonca	NONE	0.010628890647058825	0.017647058823529422	0.0	4.52041e+49	3331.450980392157	290.0	351.0	2.0	0.7800373317614634	0.3265532273965427	0.6896551724137931	55.86206896551724	62.42046068405384	55.86206896551724	0.7800373317614705	0.5737505315647994	0.5698005698005698	9.193103448275862	2.1782077383021017	9.0	1950.2941176470588	23443.058823529413
../thesis/xml/REAL-FM-4.xml	MINCE	NONE	0.0611764705882353	0.017098039215686284	0.0	4.52041e+49	2049.4313725490197	290.0	351.0	2.0	0.7800373317614634	0.3265532273965427	0.6896551724137931	55.86206896551724	62.42046068405384	55.86206896551724	0.7800373317614705	0.5737505315647994	0.5698005698005698	9.193103448275862	2.1782077383021017	9.0	679.5098039215686	1040.764705882353
../thesis/xml/linux_lib.xml	malik_fanin	NONE	0.007843137254901964	0.0011764705882352947	0.0	5.49936e+32	7252.0	121.0	146.0	2.0	1.664213743914863	0.21673791349578614	1.6528925619834711	64.0495867768595	50.84156195308234	64.0495867768595	1.6642137439148663	7.40435270420255	0.684931506849315	5.033057851239669	0.22112908362615757	5	365.0	492.0
../thesis/xml/linux_lib.xml	FORCE	NONE	0.0	0.001568627450980393	0.0	5.49936e+32	3826.0	121.0	146.0	2.0	1.664213743914863	0.21673791349578614	1.6528925619834711	64.0495867768595	50.84156195308234	64.0495867768595	1.6642137439148663	7.40435270420255	0.684931506849315	5.033057851239669	0.22112908362615757	5	129.0	197.0
../thesis/xml/linux_lib.xml	narodyska	NONE	0.04254901960784315	0.0012549019607843142	0.0	5.49936e+32	7371.0	121.0	146.0	2.0	1.664213743914863	0.21673791349578614	1.6528925619834711	64.0495867768595	50.84156195308234	64.0495867768595	1.6642137439148663	7.40435270420255	0.684931506849315	5.033057851239669	0.22112908362615757	5	365.0	492.0
../thesis/xml/linux_lib.xml	malik_level	NONE	0.012156862745098045	0.0014117647058823537	0.0	5.49936e+32	7484.0	121.0	146.0	2.0	1.664213743914863	0.21673791349578614	1.6528925619834711	64.0495867768595	50.84156195308234	64.0495867768595	1.6642137439148663	7.40435270420255	0.684931506849315	5.033057851239669	0.22112908362615757	5	365.0	493.0
../thesis/xml/linux_lib.xml	fujii	NONE	0.002156862745098039	0.001568627450980393	0.0	5.49936e+32	7241.0	121.0	146.0	2.0	1.664213743914863	0.21673791349578614	1.6528925619834711	64.0495867768595	50.84156195308234	64.0495867768595	1.6642137439148663	7.40435270420255	0.684931506849315	5.033057851239669	0.22112908362615757	5	365.0	527.0
../thesis/xml/linux_lib.xml	fujita	NONE	0.006078431372549022	0.0018823529411764717	0.0	5.49936e+32	7254.0	121.0	146.0	2.0	1.664213743914863	0.21673791349578614	1.6528925619834711	64.0495867768595	50.84156195308234	64.0495867768595	1.6642137439148663	7.40435270420255	0.684931506849315	5.033057851239669	0.22112908362615757	5	365.0	525.0
../thesis/xml/linux_lib.xml	mendonca	NONE	0.01290300837254902	0.0012549019607843142	0.0	5.49936e+32	7162.313725490196	121.0	146.0	2.0	1.664213743914863	0.21673791349578614	1.6528925619834711	64.0495867768595	50.84156195308234	64.0495867768595	1.6642137439148663	7.40435270420255	0.684931506849315	5.033057851239669	0.22112908362615757	5	127.0	168.52941176470588
../thesis/xml/linux_lib.xml	MINCE	NONE	0.010196078431372553	0.0014901960784313734	0.0	5.49936e+32	3639.705882352941	121.0	146.0	2.0	1.664213743914863	0.21673791349578614	1.6528925619834711	64.0495867768595	50.84156195308234	64.0495867768595	1.6642137439148663	7.40435270420255	0.684931506849315	5.033057851239669	0.22112908362615757	5	128.52941176470588	170.92156862745097
../thesis/xml/ecos_fs.xml	malik_fanin	NONE	0.000392156862745098	0.0	0.0	49725	76.0	22.0	24.0	2.0	8.901515151515152	1.6301852326290274	9.090909090909092	52.27272727272727	67.49655638598863	52.27272727272727	8.901515151515149	8.362592932695012	4.166666666666666	5.090909090909091	0.42640143271122105	5.0	28.0	29.0
../thesis/xml/ecos_fs.xml	FORCE	NONE	0.0	0.0	0.0	49725	61.0	22.0	24.0	2.0	8.901515151515152	1.6301852326290274	9.090909090909092	52.27272727272727	67.49655638598863	52.27272727272727	8.901515151515149	8.362592932695012	4.166666666666666	5.090909090909091	0.42640143271122105	5.0	26.0	27.0
../thesis/xml/ecos_fs.xml	narodyska	NONE	0.002156862745098039	0.0	0.0	49725	92.0	22.0	24.0	2.0	8.901515151515152	1.6301852326290274	9.090909090909092	52.27272727272727	67.49655638598863	52.27272727272727	8.901515151515149	8.362592932695012	4.166666666666666	5.090909090909091	0.42640143271122105	5.0	25.0	26.0
../thesis/xml/ecos_fs.xml	malik_level	NONE	0.000980392156862745	0.0	0.0	49725	108.0	22.0	24.0	2.0	8.901515151515152	1.6301852326290274	9.090909090909092	52.27272727272727	67.49655638598863	52.27272727272727	8.901515151515149	8.362592932695012	4.166666666666666	5.090909090909091	0.42640143271122105	5.0	42.0	43.0
../thesis/xml/ecos_fs.xml	fujii	NONE	0.000196078431372549	0.0	0.0	49725	96.0	22.0	24.0	2.0	8.901515151515152	1.6301852326290274	9.090909090909092	52.27272727272727	67.49655638598863	52.27272727272727	8.901515151515149	8.362592932695012	4.166666666666666	5.090909090909091	0.42640143271122105	5.0	50.0	52.0
../thesis/xml/ecos_fs.xml	fujita	NONE	0.000784313725490196	0.0	0.0	49725	91.0	22.0	24.0	2.0	8.901515151515152	1.6301852326290274	9.090909090909092	52.27272727272727	67.49655638598863	52.27272727272727	8.901515151515149	8.362592932695012	4.166666666666666	5.090909090909091	0.42640143271122105	5.0	24.0	25.0
../thesis/xml/ecos_fs.xml	mendonca	NONE	0.0026142258235294117	0.0	0.0	49725	82.0	22.0	24.0	2.0	8.901515151515152	1.6301852326290274	9.090909090909092	52.27272727272727	67.49655638598863	52.27272727272727	8.901515151515149	8.362592932695012	4.166666666666666	5.090909090909091	0.42640143271122105	5.0	24.0	25.0
../thesis/xml/ecos_fs.xml	MINCE	NONE	0.0029411764705882353	0.0	0.0	49725	52.0	22.0	24.0	2.0	8.901515151515152	1.6301852326290274	9.090909090909092	52.27272727272727	67.49655638598863	52.27272727272727	8.901515151515149	8.362592932695012	4.166666666666666	5.090909090909091	0.42640143271122105	5.0	28.0	29.0
../thesis/xml/ecos_io.xml	malik_fanin	NONE	0.008627450980392162	0.0015686274509803927	0.0	1.85602e+32	1575.0	130.0	156.0	2.0	1.5285996055226854	0.0868168167201978	1.5384615384615385	64.61538461538461	50.04140297627875	64.61538461538461	1.528599605522679	2.242538322201529	0.641025641025641	5.707692307692308	0.866662079708976	6.0	199.0	362.0
../thesis/xml/ecos_io.xml	FORCE	NONE	0.0	0.002666666666666668	0.0	1.85602e+32	991.0	130.0	156.0	2.0	1.5285996055226854	0.0868168167201978	1.5384615384615385	64.61538461538461	50.04140297627875	64.61538461538461	1.528599605522679	2.242538322201529	0.641025641025641	5.707692307692308	0.866662079708976	6.0	266.0	311.0
../thesis/xml/ecos_io.xml	narodyska	NONE	0.044901960784313744	0.00227450980392157	0.0	1.85602e+32	1775.0	130.0	156.0	2.0	1.5285996055226854	0.0868168167201978	1.5384615384615385	64.61538461538461	50.04140297627875	64.61538461538461	1.528599605522679	2.242538322201529	0.641025641025641	5.707692307692308	0.866662079708976	6.0	297.0	382.0
../thesis/xml/ecos_io.xml	malik_level	NONE	0.01392156862745099	0.002588235294117648	0.0	1.85602e+32	1753.0	130.0	156.0	2.0	1.5285996055226854	0.0868168167201978	1.5384615384615385	64.61538461538461	50.04140297627875	64.61538461538461	1.528599605522679	2.242538322201529	0.641025641025641	5.707692307692308	0.866662079708976	6.0	266.0	628.0
../thesis/xml/ecos_io.xml	fujii	NONE	0.003137254901960784	0.0019607843137254915	0.0	1.85602e+32	1936.0	130.0	156.0	2.0	1.5285996055226854	0.0868168167201978	1.5384615384615385	64.61538461538461	50.04140297627875	64.61538461538461	1.528599605522679	2.242538322201529	0.641025641025641	5.707692307692308	0.866662079708976	6.0	272.0	445.0
../thesis/xml/ecos_io.xml	fujita	NONE	0.006862745098039218	0.002039215686274511	0.0	1.85602e+32	1582.0	130.0	156.0	2.0	1.5285996055226854	0.0868168167201978	1.5384615384615385	64.61538461538461	50.04140297627875	64.61538461538461	1.528599605522679	2.242538322201529	0.641025641025641	5.707692307692308	0.866662079708976	6.0	192.0	324.0
../thesis/xml/ecos_io.xml	mendonca	NONE	0.009918082588235294	0.0018823529411764717	0.0	1.85602e+32	1451.7843137254902	130.0	156.0	2.0	1.5285996055226854	0.0868168167201978	1.5384615384615385	64.61538461538461	50.04140297627875	64.61538461538461	1.528599605522679	2.242538322201529	0.641025641025641	5.707692307692308	0.866662079708976	6.0	185.90196078431373	316.05882352941177
../thesis/xml/ecos_io.xml	MINCE	NONE	0.01098039215686275	0.0018823529411764715	0.0	1.85602e+32	825.8235294117648	130.0	156.0	2.0	1.5285996055226854	0.0868168167201978	1.5384615384615385	64.61538461538461	50.04140297627875	64.61538461538461	1.528599605522679	2.242538322201529	0.641025641025641	5.707692307692308	0.866662079708976	6.0	244.7450980392157	290.1764705882353
../thesis/xml/ecos_infra.xml	malik_fanin	NONE	0.0011764705882352942	0.0	0.0	9.43718e+06	308.0	27.0	31.0	2.0	7.16845878136201	0.9249297707952123	7.4074074074074066	59.25925925925926	57.61610809668165	59.25925925925926	7.168458781362001	14.872475697251998	3.225806451612903	4.962962962962963	0.1924500897298752	5	28.0	33.0
../thesis/xml/ecos_infra.xml	FORCE	NONE	0.0	0.0	0.0	9.43718e+06	177.0	27.0	31.0	2.0	7.16845878136201	0.9249297707952123	7.4074074074074066	59.25925925925926	57.61610809668165	59.25925925925926	7.168458781362001	14.872475697251998	3.225806451612903	4.962962962962963	0.1924500897298752	5	28.0	34.0
../thesis/xml/ecos_infra.xml	narodyska	NONE	0.004117647058823531	0.0	0.0	9.43718e+06	333.0	27.0	31.0	2.0	7.16845878136201	0.9249297707952123	7.4074074074074066	59.25925925925926	57.61610809668165	59.25925925925926	7.168458781362001	14.872475697251998	3.225806451612903	4.962962962962963	0.1924500897298752	5	27.0	32.0
../thesis/xml/ecos_infra.xml	malik_level	NONE	0.000196078431372549	0.0	0.0	9.43718e+06	308.0	27.0	31.0	2.0	7.16845878136201	0.9249297707952123	7.4074074074074066	59.25925925925926	57.61610809668165	59.25925925925926	7.168458781362001	14.872475697251998	3.225806451612903	4.962962962962963	0.1924500897298752	5	28.0	33.0
../thesis/xml/ecos_infra.xml	fujii	NONE	0.000196078431372549	0.0	0.0	9.43718e+06	331.0	27.0	31.0	2.0	7.16845878136201	0.9249297707952123	7.4074074074074066	59.25925925925926	57.61610809668165	59.25925925925926	7.168458781362001	14.872475697251998	3.225806451612903	4.962962962962963	0.1924500897298752	5	29.0	35.0
../thesis/xml/ecos_infra.xml	fujita	NONE	0.000784313725490196	0.0	0.0	9.43718e+06	332.0	27.0	31.0	2.0	7.16845878136201	0.9249297707952123	7.4074074074074066	59.25925925925926	57.61610809668165	59.25925925925926	7.168458781362001	14.872475697251998	3.225806451612903	4.962962962962963	0.1924500897298752	5	27.0	29.0
../thesis/xml/ecos_infra.xml	mendonca	NONE	0.006742218823529409	0.0	0.0	9.43718e+06	307.0	27.0	31.0	2.0	7.16845878136201	0.9249297707952123	7.4074074074074066	59.25925925925926	57.61610809668165	59.25925925925926	7.168458781362001	14.872475697251998	3.225806451612903	4.962962962962963	0.1924500897298752	5	27.0	31.392156862745097
../thesis/xml/ecos_infra.xml	MINCE	NONE	0.0013725490196078432	0.0	0.0	9.43718e+06	174.0	27.0	31.0	2.0	7.16845878136201	0.9249297707952123	7.4074074074074066	59.25925925925926	57.61610809668165	59.25925925925926	7.168458781362001	14.872475697251998	3.225806451612903	4.962962962962963	0.1924500897298752	5	28.0	34.0
../thesis/xml/model_20100904_226530663.xml	malik_fanin	NONE	0.003137254901960784	0.0	0.0	903168	203.0	38.0	43.0	1.0	5.69155446756426	1.5117523774324229	5.263157894736842	100.0		100.0	5.691554467564259	4.1424282581333935	4.651162790697675	5.815789473684211	0.8335940796430429	6.0	42.0	42.0
../thesis/xml/model_20100904_226530663.xml	FORCE	NONE	0.0	0.0	0.0	903168	135.0	38.0	43.0	1.0	5.69155446756426	1.5117523774324229	5.263157894736842	100.0		100.0	5.691554467564259	4.1424282581333935	4.651162790697675	5.815789473684211	0.8335940796430429	6.0	38.0	38.0
../thesis/xml/model_20100904_226530663.xml	narodyska	NONE	0.007254901960784317	0.0	0.0	903168	252.0	38.0	43.0	1.0	5.69155446756426	1.5117523774324229	5.263157894736842	100.0		100.0	5.691554467564259	4.1424282581333935	4.651162790697675	5.815789473684211	0.8335940796430429	6.0	39.0	39.0
../thesis/xml/model_20100904_226530663.xml	malik_level	NONE	0.0013725490196078432	0.0	0.0	903168	159.0	38.0	43.0	1.0	5.69155446756426	1.5117523774324229	5.263157894736842	100.0		100.0	5.691554467564259	4.1424282581333935	4.651162790697675	5.815789473684211	0.8335940796430429	6.0	42.0	42.0
../thesis/xml/model_20100904_226530663.xml	fujii	NONE	0.000392156862745098	0.0	0.0	903168	253.0	38.0	43.0	1.0	5.69155446756426	1.5117523774324229	5.263157894736842	100.0		100.0	5.691554467564259	4.1424282581333935	4.651162790697675	5.815789473684211	0.8335940796430429	6.0	49.0	49.0
../thesis/xml/model_20100904_226530663.xml	fujita	NONE	0.0011764705882352942	0.0	0.0	903168	180.0	38.0	43.0	1.0	5.69155446756426	1.5117523774324229	5.263157894736842	100.0		100.0	5.691554467564259	4.1424282581333935	4.651162790697675	5.815789473684211	0.8335940796430429	6.0	41.0	41.0
../thesis/xml/model_20100904_226530663.xml	mendonca	NONE	0.003193042509803922	0.0	0.0	903168	193.0	38.0	43.0	1.0	5.69155446756426	1.5117523774324229	5.263157894736842	100.0		100.0	5.691554467564259	4.1424282581333935	4.651162790697675	5.815789473684211	0.8335940796430429	6.0	39.0	39.0
../thesis/xml/model_20100904_226530663.xml	MINCE	NONE	0.0033333333333333335	0.0	0.0	903168	134.88235294117646	38.0	43.0	1.0	5.69155446756426	1.5117523774324229	5.263157894736842	100.0		100.0	5.691554467564259	4.1424282581333935	4.651162790697675	5.815789473684211	0.8335940796430429	6.0	38.21568627450981	38.21568627450981
../thesis/xml/linux_crypto.xml	malik_fanin	NONE	0.039607843137254926	70.16133333333335	0.0	5.12222e+66	50404.0	268.0	493.0	2.0	0.7455117919530182	0.01680512496683	0.7462686567164178	93.09701492537313	9.76229511339637	93.09701492537313	0.745511791953016	3.3027796094695674	0.4056795131845842	4.022388059701493	0.14821878304438174	4.0	11836909.0	11836915.0
../thesis/xml/linux_crypto.xml	FORCE	NONE	0.0	0.12745098039215683	0.0	5.12222e+66	22733.0	268.0	493.0	2.0	0.7455117919530182	0.01680512496683	0.7462686567164178	93.09701492537313	9.76229511339637	93.09701492537313	0.745511791953016	3.3027796094695674	0.4056795131845842	4.022388059701493	0.14821878304438174	4.0	14815.0	14866.0
../thesis/xml/linux_crypto.xml	narodyska	NONE	0.2994117647058823	93.62870588235293	0.0	5.12222e+66	50927.0	268.0	493.0	2.0	0.7455117919530182	0.01680512496683	0.7462686567164178	93.09701492537313	9.76229511339637	93.09701492537313	0.745511791953016	3.3027796094695674	0.4056795131845842	4.022388059701493	0.14821878304438174	4.0	11836909.0	11836915.0
../thesis/xml/linux_crypto.xml	malik_level	NONE	0.09999999999999996	69.85866666666664	0.0	5.12222e+66	51712.0	268.0	493.0	2.0	0.7455117919530182	0.01680512496683	0.7462686567164178	93.09701492537313	9.76229511339637	93.09701492537313	0.745511791953016	3.3027796094695674	0.4056795131845842	4.022388059701493	0.14821878304438174	4.0	11836909.0	11836915.0
../thesis/xml/linux_crypto.xml	fujii	NONE	0.020000000000000007	99.13882352941177	0.0	5.12222e+66	51710.0	268.0	493.0	2.0	0.7455117919530182	0.01680512496683	0.7462686567164178	93.09701492537313	9.76229511339637	93.09701492537313	0.745511791953016	3.3027796094695674	0.4056795131845842	4.022388059701493	0.14821878304438174	4.0	23504037.0	23504045.0
../thesis/xml/linux_crypto.xml	fujita	NONE	0.06196078431372553	94.5601568627451	0.0	5.12222e+66	48951.0	268.0	493.0	2.0	0.7455117919530182	0.01680512496683	0.7462686567164178	93.09701492537313	9.76229511339637	93.09701492537313	0.745511791953016	3.3027796094695674	0.4056795131845842	4.022388059701493	0.14821878304438174	4.0	11836909.0	11836914.0
../thesis/xml/linux_crypto.xml	mendonca	NONE	0.2806513846078431	0.02431372549019609	0.0	5.12222e+66	37893.098039215685	268.0	493.0	2.0	0.7455117919530182	0.01680512496683	0.7462686567164178	93.09701492537313	9.76229511339637	93.09701492537313	0.745511791953016	3.3027796094695674	0.4056795131845842	4.022388059701493	0.14821878304438174	4.0	3647.9607843137255	3652.9607843137255
../thesis/xml/linux_crypto.xml	MINCE	NONE	0.060784313725490216	0.01788235294117648	0.0	5.12222e+66	19062.56862745098	268.0	493.0	2.0	0.7455117919530182	0.01680512496683	0.7462686567164178	93.09701492537313	9.76229511339637	93.09701492537313	0.745511791953016	3.3027796094695674	0.4056795131845842	4.022388059701493	0.14821878304438174	4.0	1139.4313725490197	1150.4117647058824
../thesis/xml/linux_security.xml	malik_fanin	NONE	0.004117647058823531	0.0014901960784313734	0.0	2.11552e+15	2923.0	73.0	117.0	2.0	2.833391874487761	0.690260228616818	2.73972602739726	80.82191780821918	27.12190393592237	80.82191780821918	2.833391874487763	7.332899318416835	1.7094017094017095	5.178082191780822	0.38522957633600546	5	411.0	499.0
../thesis/xml/linux_security.xml	FORCE	NONE	0.0	0.001333333333333334	0.0	2.11552e+15	1744.0	73.0	117.0	2.0	2.833391874487761	0.690260228616818	2.73972602739726	80.82191780821918	27.12190393592237	80.82191780821918	2.833391874487763	7.332899318416835	1.7094017094017095	5.178082191780822	0.38522957633600546	5	420.0	711.0
../thesis/xml/linux_security.xml	narodyska	NONE	0.035294117647058844	0.001333333333333334	0.0	2.11552e+15	2996.0	73.0	117.0	2.0	2.833391874487761	0.690260228616818	2.73972602739726	80.82191780821918	27.12190393592237	80.82191780821918	2.833391874487763	7.332899318416835	1.7094017094017095	5.178082191780822	0.38522957633600546	5	411.0	500.0
../thesis/xml/linux_security.xml	malik_level	NONE	0.007647058823529416	0.0008627450980392159	0.0	2.11552e+15	2996.0	73.0	117.0	2.0	2.833391874487761	0.690260228616818	2.73972602739726	80.82191780821918	27.12190393592237	80.82191780821918	2.833391874487763	7.332899318416835	1.7094017094017095	5.178082191780822	0.38522957633600546	5	411.0	499.0
../thesis/xml/linux_security.xml	fujii	NONE	0.001568627450980392	0.001098039215686275	0.0	2.11552e+15	3198.0	73.0	117.0	2.0	2.833391874487761	0.690260228616818	2.73972602739726	80.82191780821918	27.12190393592237	80.82191780821918	2.833391874487763	7.332899318416835	1.7094017094017095	5.178082191780822	0.38522957633600546	5	431.0	772.0
../thesis/xml/linux_security.xml	fujita	NONE	0.006274509803921571	0.0011764705882352947	0.0	2.11552e+15	3109.0	73.0	117.0	2.0	2.833391874487761	0.690260228616818	2.73972602739726	80.82191780821918	27.12190393592237	80.82191780821918	2.833391874487763	7.332899318416835	1.7094017094017095	5.178082191780822	0.38522957633600546	5	411.0	633.0
../thesis/xml/linux_security.xml	mendonca	NONE	0.02412625433333333	0.0012549019607843142	0.0	2.11552e+15	2768.6666666666665	73.0	117.0	2.0	2.833391874487761	0.690260228616818	2.73972602739726	80.82191780821918	27.12190393592237	80.82191780821918	2.833391874487763	7.332899318416835	1.7094017094017095	5.178082191780822	0.38522957633600546	5	234.45098039215685	322.88235294117646
../thesis/xml/linux_security.xml	MINCE	NONE	0.007843137254901964	0.0014117647058823537	0.0	2.11552e+15	1454.6666666666667	73.0	117.0	2.0	2.833391874487761	0.690260228616818	2.73972602739726	80.82191780821918	27.12190393592237	80.82191780821918	2.833391874487763	7.332899318416835	1.7094017094017095	5.178082191780822	0.38522957633600546	5	99.45098039215686	209.27450980392157
../thesis/xml/model_20160420_474055968.xml	malik_fanin	NONE	0.007647058823529416	0.0018823529411764717	0.0	4.67664e+16	1052.0	96.0	110.0	1.0	2.547348484848486	1.8102036691840364	2.083333333333333	100.0		100.0	2.5473484848484813	2.4557671659780222	1.8181818181818181	6.072916666666667	0.6995455918578285	6.0	150.0	150.0
../thesis/xml/model_20160420_474055968.xml	FORCE	NONE	0.0	0.001333333333333334	0.0	4.67664e+16	587.0	96.0	110.0	1.0	2.547348484848486	1.8102036691840364	2.083333333333333	100.0		100.0	2.5473484848484813	2.4557671659780222	1.8181818181818181	6.072916666666667	0.6995455918578285	6.0	146.0	146.0
../thesis/xml/model_20160420_474055968.xml	narodyska	NONE	0.12235294117647053	0.0017254901960784325	0.0	4.67664e+16	910.0	96.0	110.0	1.0	2.547348484848486	1.8102036691840364	2.083333333333333	100.0		100.0	2.5473484848484813	2.4557671659780222	1.8181818181818181	6.072916666666667	0.6995455918578285	6.0	158.0	158.0
../thesis/xml/model_20160420_474055968.xml	malik_level	NONE	0.010000000000000004	0.001568627450980393	0.0	4.67664e+16	1184.0	96.0	110.0	1.0	2.547348484848486	1.8102036691840364	2.083333333333333	100.0		100.0	2.5473484848484813	2.4557671659780222	1.8181818181818181	6.072916666666667	0.6995455918578285	6.0	292.0	292.0
../thesis/xml/model_20160420_474055968.xml	fujii	NONE	0.002745098039215686	0.0016470588235294127	0.0	4.67664e+16	1587.0	96.0	110.0	1.0	2.547348484848486	1.8102036691840364	2.083333333333333	100.0		100.0	2.5473484848484813	2.4557671659780222	1.8181818181818181	6.072916666666667	0.6995455918578285	6.0	413.0	413.0
../thesis/xml/model_20160420_474055968.xml	fujita	NONE	0.0070588235294117676	0.001568627450980393	0.0	4.67664e+16	701.0	96.0	110.0	1.0	2.547348484848486	1.8102036691840364	2.083333333333333	100.0		100.0	2.5473484848484813	2.4557671659780222	1.8181818181818181	6.072916666666667	0.6995455918578285	6.0	147.0	147.0
../thesis/xml/model_20160420_474055968.xml	mendonca	NONE	0.004847430627450981	0.0014901960784313734	0.0	4.67664e+16	759.0	96.0	110.0	1.0	2.547348484848486	1.8102036691840364	2.083333333333333	100.0		100.0	2.5473484848484813	2.4557671659780222	1.8181818181818181	6.072916666666667	0.6995455918578285	6.0	138.0	138.0
../thesis/xml/model_20160420_474055968.xml	MINCE	NONE	0.012352941176470594	0.002039215686274511	0.0	4.67664e+16	552.7254901960785	96.0	110.0	1.0	2.547348484848486	1.8102036691840364	2.083333333333333	100.0		100.0	2.5473484848484813	2.4557671659780222	1.8181818181818181	6.072916666666667	0.6995455918578285	6.0	140.13725490196077	140.13725490196077
../thesis/xml/ecos_net.xml	malik_fanin	NONE	0.005490196078431374	0.0016470588235294127	0.0	1.01061e+19	2182.0	82.0	148.0	2.0	2.4390243902439015	0.24637866940297823	2.4390243902439024	72.5609756097561	33.63068837350653	72.5609756097561	2.241265655899804	4.126914569637567	1.3513513513513513	5.2317073170731705	0.5510658692855858	5.0	313.0	375.0
../thesis/xml/ecos_net.xml	FORCE	NONE	0.0	0.0010196078431372552	0.0	1.01061e+19	1044.0	82.0	148.0	2.0	2.4390243902439015	0.24637866940297823	2.4390243902439024	72.5609756097561	33.63068837350653	72.5609756097561	2.241265655899804	4.126914569637567	1.3513513513513513	5.2317073170731705	0.5510658692855858	5.0	172.0	301.0
../thesis/xml/ecos_net.xml	narodyska	NONE	0.03980392156862747	0.0014117647058823537	0.0	1.01061e+19	2050.0	82.0	148.0	2.0	2.4390243902439015	0.24637866940297823	2.4390243902439024	72.5609756097561	33.63068837350653	72.5609756097561	2.241265655899804	4.126914569637567	1.3513513513513513	5.2317073170731705	0.5510658692855858	5.0	319.0	321.0
../thesis/xml/ecos_net.xml	malik_level	NONE	0.007843137254901964	0.001568627450980393	0.0	1.01061e+19	2537.0	82.0	148.0	2.0	2.4390243902439015	0.24637866940297823	2.4390243902439024	72.5609756097561	33.63068837350653	72.5609756097561	2.241265655899804	4.126914569637567	1.3513513513513513	5.2317073170731705	0.5510658692855858	5.0	293.0	375.0
../thesis/xml/ecos_net.xml	fujii	NONE	0.001764705882352941	0.0014901960784313734	0.0	1.01061e+19	2460.0	82.0	148.0	2.0	2.4390243902439015	0.24637866940297823	2.4390243902439024	72.5609756097561	33.63068837350653	72.5609756097561	2.241265655899804	4.126914569637567	1.3513513513513513	5.2317073170731705	0.5510658692855858	5.0	271.0	373.0
../thesis/xml/ecos_net.xml	fujita	NONE	0.005294117647058825	0.0011764705882352947	0.0	1.01061e+19	1705.0	82.0	148.0	2.0	2.4390243902439015	0.24637866940297823	2.4390243902439024	72.5609756097561	33.63068837350653	72.5609756097561	2.241265655899804	4.126914569637567	1.3513513513513513	5.2317073170731705	0.5510658692855858	5.0	198.0	281.0
../thesis/xml/ecos_net.xml	mendonca	NONE	0.011200128607843139	0.0018823529411764717	0.0	1.01061e+19	1829.1568627450981	82.0	148.0	2.0	2.4390243902439015	0.24637866940297823	2.4390243902439024	72.5609756097561	33.63068837350653	72.5609756097561	2.241265655899804	4.126914569637567	1.3513513513513513	5.2317073170731705	0.5510658692855858	5.0	129.2941176470588	159.47058823529412
../thesis/xml/ecos_net.xml	MINCE	NONE	0.011568627450980399	0.0014117647058823537	0.0	1.01061e+19	1098.686274509804	82.0	148.0	2.0	2.4390243902439015	0.24637866940297823	2.4390243902439024	72.5609756097561	33.63068837350653	72.5609756097561	2.241265655899804	4.126914569637567	1.3513513513513513	5.2317073170731705	0.5510658692855858	5.0	149.64705882352942	186.90196078431373
../thesis/xml/ecos_language.xml	malik_fanin	NONE	0.005882352941176472	0.001568627450980393	0.0	3.41562e+19	861.0	82.0	107.0	2.0	2.4390243902439015	0.29014082404322344	2.4390243902439024	68.29268292682927	44.84091783134204	68.29268292682927	2.4390243902438997	2.9508576379858757	0.9345794392523363	5.902439024390244	0.46107111198832146	6.0	154.0	316.0
../thesis/xml/ecos_language.xml	FORCE	NONE	0.0	0.0014117647058823537	0.0	3.41562e+19	629.0	82.0	107.0	2.0	2.4390243902439015	0.29014082404322344	2.4390243902439024	68.29268292682927	44.84091783134204	68.29268292682927	2.4390243902438997	2.9508576379858757	0.9345794392523363	5.902439024390244	0.46107111198832146	6.0	206.0	262.0
../thesis/xml/ecos_language.xml	narodyska	NONE	0.02607843137254904	0.001568627450980393	0.0	3.41562e+19	910.0	82.0	107.0	2.0	2.4390243902439015	0.29014082404322344	2.4390243902439024	68.29268292682927	44.84091783134204	68.29268292682927	2.4390243902438997	2.9508576379858757	0.9345794392523363	5.902439024390244	0.46107111198832146	6.0	191.0	227.0
../thesis/xml/ecos_language.xml	malik_level	NONE	0.008823529411764711	0.001333333333333334	0.0	3.41562e+19	1048.0	82.0	107.0	2.0	2.4390243902439015	0.29014082404322344	2.4390243902439024	68.29268292682927	44.84091783134204	68.29268292682927	2.4390243902438997	2.9508576379858757	0.9345794392523363	5.902439024390244	0.46107111198832146	6.0	172.0	422.0
../thesis/xml/ecos_language.xml	fujii	NONE	0.000784313725490196	0.001098039215686275	0.0	3.41562e+19	1612.0	82.0	107.0	2.0	2.4390243902439015	0.29014082404322344	2.4390243902439024	68.29268292682927	44.84091783134204	68.29268292682927	2.4390243902438997	2.9508576379858757	0.9345794392523363	5.902439024390244	0.46107111198832146	6.0	247.0	626.0
../thesis/xml/ecos_language.xml	fujita	NONE	0.003921568627450981	0.0010196078431372552	0.0	3.41562e+19	857.0	82.0	107.0	2.0	2.4390243902439015	0.29014082404322344	2.4390243902439024	68.29268292682927	44.84091783134204	68.29268292682927	2.4390243902438997	2.9508576379858757	0.9345794392523363	5.902439024390244	0.46107111198832146	6.0	137.0	308.0
../thesis/xml/ecos_language.xml	mendonca	NONE	0.009599020215686276	0.0012549019607843142	0.0	3.41562e+19	903.1372549019608	82.0	107.0	2.0	2.4390243902439015	0.29014082404322344	2.4390243902439024	68.29268292682927	44.84091783134204	68.29268292682927	2.4390243902438997	2.9508576379858757	0.9345794392523363	5.902439024390244	0.46107111198832146	6.0	149.2156862745098	335.98039215686276
../thesis/xml/ecos_language.xml	MINCE	NONE	0.008039215686274514	0.0014117647058823537	0.0	3.41562e+19	451.8627450980392	82.0	107.0	2.0	2.4390243902439015	0.29014082404322344	2.4390243902439024	68.29268292682927	44.84091783134204	68.29268292682927	2.4390243902438997	2.9508576379858757	0.9345794392523363	5.902439024390244	0.46107111198832146	6.0	165.27450980392157	223.01960784313727
../thesis/xml/DellSPLOT.xml	malik_fanin	NONE	0.28921568627450955	2.1415686274509813	0.0	1.12867e+06	104150.0	118.0	1778.0	2.0	1.7397189758060387	0.6873646223766618	1.694915254237288	99.15254237288136	1.1984860698077069	99.15254237288136	1.7397189758059897	1.237776339541109	1.40607424071991	4.940677966101695	0.23723380516649903	5.0	32643.0	2857.0
../thesis/xml/DellSPLOT.xml	FORCE	NONE	0.0	10.043215686274511	0.0	1.12867e+06	58987.0	118.0	1778.0	2.0	1.7397189758060387	0.6873646223766618	1.694915254237288	99.15254237288136	1.1984860698077069	99.15254237288136	1.7397189758059897	1.237776339541109	1.40607424071991	4.940677966101695	0.23723380516649903	5.0	43396.0	7138.0
../thesis/xml/DellSPLOT.xml	narodyska	NONE	4.30921568627451	2.178196078431372	0.0	1.12867e+06	102860.0	118.0	1778.0	2.0	1.7397189758060387	0.6873646223766618	1.694915254237288	99.15254237288136	1.1984860698077069	99.15254237288136	1.7397189758059897	1.237776339541109	1.40607424071991	4.940677966101695	0.23723380516649903	5.0	32055.0	2854.0
../thesis/xml/DellSPLOT.xml	malik_level	NONE	0.7819607843137258	2.1781960784313723	0.0	1.12867e+06	104150.0	118.0	1778.0	2.0	1.7397189758060387	0.6873646223766618	1.694915254237288	99.15254237288136	1.1984860698077069	99.15254237288136	1.7397189758059897	1.237776339541109	1.40607424071991	4.940677966101695	0.23723380516649903	5.0	32643.0	2857.0
../thesis/xml/DellSPLOT.xml	fujii	NONE	0.1413725490196078	4.619137254901961	0.0	1.12867e+06	104440.0	118.0	1778.0	2.0	1.7397189758060387	0.6873646223766618	1.694915254237288	99.15254237288136	1.1984860698077069	99.15254237288136	1.7397189758059897	1.237776339541109	1.40607424071991	4.940677966101695	0.23723380516649903	5.0	41430.0	4034.0
../thesis/xml/DellSPLOT.xml	fujita	NONE	0.9370588235294116	2.072313725490196	0.0	1.12867e+06	106590.0	118.0	1778.0	2.0	1.7397189758060387	0.6873646223766618	1.694915254237288	99.15254237288136	1.1984860698077069	99.15254237288136	1.7397189758059897	1.237776339541109	1.40607424071991	4.940677966101695	0.23723380516649903	5.0	32019.0	2626.0
../thesis/xml/DellSPLOT.xml	mendonca	NONE	0.04723572476470589	6.294588235294117	0.0	1.12867e+06	67945.4705882353	118.0	1778.0	2.0	1.7397189758060387	0.6873646223766618	1.694915254237288	99.15254237288136	1.1984860698077069	99.15254237288136	1.7397189758059897	1.237776339541109	1.40607424071991	4.940677966101695	0.23723380516649903	5.0	27433.274509803923	3734.921568627451
../thesis/xml/DellSPLOT.xml	MINCE	NONE	0.781764705882353	9.30658823529412	0.0	1.12867e+06	56751.78431372549	118.0	1778.0	2.0	1.7397189758060387	0.6873646223766618	1.694915254237288	99.15254237288136	1.1984860698077069	99.15254237288136	1.7397189758059897	1.237776339541109	1.40607424071991	4.940677966101695	0.23723380516649903	5.0	38226.56862745098	8501.549019607843
