file	order	reorder	algo_time	bdd_time	reorder_time	minterms	span	inputs	clauses	functions	mean (variables_in_functions)	standard deviation (variables_in_functions)	median (variables_in_functions)	total_posbile_symmetric	symmetric_percent	symmetric_continuos	maxnode	total
Thread	fujii	CUDD_REORDER_SIFT	0.0000000000	0	0.004	80658	190	44.0	51.0	1.0	100.0		100.0	946	3.27696	0.739958	126	126
Thread	fujii	CUDD_REORDER_SYMM_SIFT	0.0000000000	0.004	0.012	80658	190	44.0	51.0	1.0	100.0		100.0	946	3.27696	0.739958	94	94
Thread	fujii	CUDD_REORDER_WINDOW2	0.0000000000	0	0	80658	190	44.0	51.0	1.0	100.0		100.0	946	3.27696	0.739958	193	193
Thread	fujii	CUDD_REORDER_WINDOW3	0.0000000000	0	0.004	80658	190	44.0	51.0	1.0	100.0		100.0	946	3.27696	0.739958	180	180
Thread	fujii	CUDD_REORDER_WINDOW4	0.0000000000	0	0.008	80658	190	44.0	51.0	1.0	100.0		100.0	946	3.27696	0.739958	172	172
Thread	fujii	CUDD_REORDER_ANNEALING	0.0000000000	0	0.956	80658	190	44.0	51.0	1.0	100.0		100.0	946	3.27696	0.739958	89	89
eCos_isoinfra	fujii	CUDD_REORDER_SIFT	0.0100000000	0	0.044	7.13624e+45	11787	155.0	157.0	2.0	50.96774193548387	69.34208434861627	50.96774193548387	11935	93.6406	1.23167	157	160
eCos_isoinfra	fujii	CUDD_REORDER_SYMM_SIFT	0.0100000000	0	0.024	7.13624e+45	11787	155.0	157.0	2.0	50.96774193548387	69.34208434861627	50.96774193548387	11935	93.6406	1.23167	157	160
eCos_isoinfra	fujii	CUDD_REORDER_WINDOW2	0.0100000000	0	0.028	7.13624e+45	11787	155.0	157.0	2.0	50.96774193548387	69.34208434861627	50.96774193548387	11935	93.6406	1.23167	157	160
eCos_isoinfra	fujii	CUDD_REORDER_WINDOW3	0.0100000000	0	0.02	7.13624e+45	11787	155.0	157.0	2.0	50.96774193548387	69.34208434861627	50.96774193548387	11935	93.6406	1.23167	157	160
eCos_isoinfra	fujii	CUDD_REORDER_WINDOW4	0.0100000000	0	0.032	7.13624e+45	11787	155.0	157.0	2.0	50.96774193548387	69.34208434861627	50.96774193548387	11935	93.6406	1.23167	157	160
eCos_isoinfra	fujii	CUDD_REORDER_ANNEALING	0.0100000000	0	3.968	7.13624e+45	11787	155.0	157.0	2.0	50.96774193548387	69.34208434861627	50.96774193548387	11935	93.6406	1.23167	157	160
BankingSoftware	fujii	CUDD_REORDER_SIFT	0.0100000000	0.004	0.08	5.25823e+31	9308	176.0	196.0	2.0	51.42045454545455	68.70185203573843	51.42045454545455	15400	10.8831	0.642857	226	227
BankingSoftware	fujii	CUDD_REORDER_SYMM_SIFT	0.0100000000	0.004	0.104	5.25823e+31	9308	176.0	196.0	2.0	51.42045454545455	68.70185203573843	51.42045454545455	15400	10.8831	0.642857	214	215
BankingSoftware	fujii	CUDD_REORDER_WINDOW2	0.0100000000	0.004	0.06	5.25823e+31	9308	176.0	196.0	2.0	51.42045454545455	68.70185203573843	51.42045454545455	15400	10.8831	0.642857	527	559
BankingSoftware	fujii	CUDD_REORDER_WINDOW3	0.0100000000	0.004	0.056	5.25823e+31	9308	176.0	196.0	2.0	51.42045454545455	68.70185203573843	51.42045454545455	15400	10.8831	0.642857	300	318
BankingSoftware	fujii	CUDD_REORDER_WINDOW4	0.0100000000	0.008	0.088	5.25823e+31	9308	176.0	196.0	2.0	51.42045454545455	68.70185203573843	51.42045454545455	15400	10.8831	0.642857	322	337
BankingSoftware	fujii	CUDD_REORDER_ANNEALING	0.0100000000	0	12.04	5.25823e+31	9308	176.0	196.0	2.0	51.42045454545455	68.70185203573843	51.42045454545455	15400	10.8831	0.642857	234	236
LinuxKernel_block	fujii	CUDD_REORDER_SIFT	0.0000000000	0	0.008	1.22647e+15	1361	60.0	84.0	2.0	71.66666666666667	40.069384267237695	71.66666666666667	1770	8.19209	1.52542	47	80
LinuxKernel_block	fujii	CUDD_REORDER_SYMM_SIFT	0.0000000000	0	0.008	1.22647e+15	1361	60.0	84.0	2.0	71.66666666666667	40.069384267237695	71.66666666666667	1770	8.19209	1.52542	47	83
LinuxKernel_block	fujii	CUDD_REORDER_WINDOW2	0.0000000000	0	0.004	1.22647e+15	1361	60.0	84.0	2.0	71.66666666666667	40.069384267237695	71.66666666666667	1770	8.19209	1.52542	58	105
LinuxKernel_block	fujii	CUDD_REORDER_WINDOW3	0.0000000000	0	0	1.22647e+15	1361	60.0	84.0	2.0	71.66666666666667	40.069384267237695	71.66666666666667	1770	8.19209	1.52542	55	102
LinuxKernel_block	fujii	CUDD_REORDER_WINDOW4	0.0000000000	0	0	1.22647e+15	1361	60.0	84.0	2.0	71.66666666666667	40.069384267237695	71.66666666666667	1770	8.19209	1.52542	52	95
LinuxKernel_block	fujii	CUDD_REORDER_ANNEALING	0.0000000000	0	0.788	1.22647e+15	1361	60.0	84.0	2.0	71.66666666666667	40.069384267237695	71.66666666666667	1770	8.19209	1.52542	62	90
Electronic Shopping	fujii	CUDD_REORDER_SIFT	0.0300000000	0.124	22.064	4.52041e+49	6656	290.0	351.0	2.0	55.86206896551724	62.42046068405384	55.86206896551724	41905	1.79454	0.241021	1239	14064
Electronic Shopping	fujii	CUDD_REORDER_SYMM_SIFT	0.0300000000	0.148	23.088	4.52041e+49	6656	290.0	351.0	2.0	55.86206896551724	62.42046068405384	55.86206896551724	41905	1.79454	0.241021	1534	9484
Electronic Shopping	fujii	CUDD_REORDER_WINDOW2	0.0300000000	0.136	7.816	4.52041e+49	6656	290.0	351.0	2.0	55.86206896551724	62.42046068405384	55.86206896551724	41905	1.79454	0.241021	12063	315191
Electronic Shopping	fujii	CUDD_REORDER_WINDOW3	0.0300000000	0.172	9.196	4.52041e+49	6656	290.0	351.0	2.0	55.86206896551724	62.42046068405384	55.86206896551724	41905	1.79454	0.241021	12063	254988
Electronic Shopping	fujii	CUDD_REORDER_WINDOW4	0.0300000000	0.164	10.5	4.52041e+49	6656	290.0	351.0	2.0	55.86206896551724	62.42046068405384	55.86206896551724	41905	1.79454	0.241021	11271	233941
Electronic Shopping	fujii	CUDD_REORDER_ANNEALING	-1.0	-1.0	6656	290.0	351.0	2.0	55.86206896551724	62.42046068405384	55.86206896551724	-1	18446744073709551615
LinuxKernel_mm	fujii	CUDD_REORDER_SIFT	0.0000000000	0	0.004	1.29049e+18	2612	70.0	91.0	2.0	69.28571428571429	43.43655941574506	69.28571428571429	2415	27.8261	1.0352	33	41
LinuxKernel_mm	fujii	CUDD_REORDER_SYMM_SIFT	0.0000000000	0	0.008	1.29049e+18	2612	70.0	91.0	2.0	69.28571428571429	43.43655941574506	69.28571428571429	2415	27.8261	1.0352	33	41
LinuxKernel_mm	fujii	CUDD_REORDER_WINDOW2	0.0000000000	0	0	1.29049e+18	2612	70.0	91.0	2.0	69.28571428571429	43.43655941574506	69.28571428571429	2415	27.8261	1.0352	88	105
LinuxKernel_mm	fujii	CUDD_REORDER_WINDOW3	0.0000000000	0	0.004	1.29049e+18	2612	70.0	91.0	2.0	69.28571428571429	43.43655941574506	69.28571428571429	2415	27.8261	1.0352	84	101
LinuxKernel_mm	fujii	CUDD_REORDER_WINDOW4	0.0000000000	0	0.004	1.29049e+18	2612	70.0	91.0	2.0	69.28571428571429	43.43655941574506	69.28571428571429	2415	27.8261	1.0352	72	89
LinuxKernel_mm	fujii	CUDD_REORDER_ANNEALING	0.0000000000	0	0.372	1.29049e+18	2612	70.0	91.0	2.0	69.28571428571429	43.43655941574506	69.28571428571429	2415	27.8261	1.0352	31	40
Dell_XML	fujii	CUDD_REORDER_SIFT	0.2700000000	8.268	1.328	1.12867e+06	104440	118.0	1778.0	2.0	99.15254237288136	1.1984860698077069	99.15254237288136	6903	0.188324	0.0144865	15027	4716
Dell_XML	fujii	CUDD_REORDER_SYMM_SIFT	0.2700000000	7.592	2.712	1.12867e+06	104440	118.0	1778.0	2.0	99.15254237288136	1.1984860698077069	99.15254237288136	6903	0.188324	0.0144865	21301	6026
Dell_XML	fujii	CUDD_REORDER_WINDOW2	0.2700000000	7.952	0.296	1.12867e+06	104440	118.0	1778.0	2.0	99.15254237288136	1.1984860698077069	99.15254237288136	6903	0.188324	0.0144865	36685	4499
Dell_XML	fujii	CUDD_REORDER_WINDOW3	0.2700000000	7.732	0.312	1.12867e+06	104440	118.0	1778.0	2.0	99.15254237288136	1.1984860698077069	99.15254237288136	6903	0.188324	0.0144865	32064	4548
Dell_XML	fujii	CUDD_REORDER_WINDOW4	0.2700000000	7.768	0.404	1.12867e+06	104440	118.0	1778.0	2.0	99.15254237288136	1.1984860698077069	99.15254237288136	6903	0.188324	0.0144865	25972	4569
Dell_XML	fujii	CUDD_REORDER_ANNEALING	0.2700000000	7.92	562.756	1.12867e+06	104440	118.0	1778.0	2.0	99.15254237288136	1.1984860698077069	99.15254237288136	6903	0.188324	0.0144865	7152	2566
LinuxKernel_lib	fujii	CUDD_REORDER_SIFT	0.0000000000	0	0.036	5.49936e+32	7241	121.0	146.0	2.0	64.0495867768595	50.84156195308234	64.0495867768595	7260	43.8567	1.03306	128	165
LinuxKernel_lib	fujii	CUDD_REORDER_SYMM_SIFT	0.0000000000	0.004	0.024	5.49936e+32	7241	121.0	146.0	2.0	64.0495867768595	50.84156195308234	64.0495867768595	7260	43.8567	1.03306	128	174
LinuxKernel_lib	fujii	CUDD_REORDER_WINDOW2	0.0000000000	0	0.012	5.49936e+32	7241	121.0	146.0	2.0	64.0495867768595	50.84156195308234	64.0495867768595	7260	43.8567	1.03306	335	496
LinuxKernel_lib	fujii	CUDD_REORDER_WINDOW3	0.0000000000	0.004	0.016	5.49936e+32	7241	121.0	146.0	2.0	64.0495867768595	50.84156195308234	64.0495867768595	7260	43.8567	1.03306	335	497
LinuxKernel_lib	fujii	CUDD_REORDER_WINDOW4	0.0000000000	0.004	0.02	5.49936e+32	7241	121.0	146.0	2.0	64.0495867768595	50.84156195308234	64.0495867768595	7260	43.8567	1.03306	191	352
LinuxKernel_lib	fujii	CUDD_REORDER_ANNEALING	0.0000000000	0	3.492	5.49936e+32	7241	121.0	146.0	2.0	64.0495867768595	50.84156195308234	64.0495867768595	7260	43.8567	1.03306	127	165
Web_Portal	fujii	CUDD_REORDER_SIFT	0.0000000000	0.004	0.004	2.1208e+06	306	43.0	55.0	2.0	62.79069767441861	52.62189999527795	62.79069767441861	903	2.54707	1.10742	148	175
Web_Portal	fujii	CUDD_REORDER_SYMM_SIFT	0.0000000000	0	0.004	2.1208e+06	306	43.0	55.0	2.0	62.79069767441861	52.62189999527795	62.79069767441861	903	2.54707	1.10742	101	113
Web_Portal	fujii	CUDD_REORDER_WINDOW2	0.0000000000	0	0	2.1208e+06	306	43.0	55.0	2.0	62.79069767441861	52.62189999527795	62.79069767441861	903	2.54707	1.10742	237	544
Web_Portal	fujii	CUDD_REORDER_WINDOW3	0.0000000000	0	0.004	2.1208e+06	306	43.0	55.0	2.0	62.79069767441861	52.62189999527795	62.79069767441861	903	2.54707	1.10742	183	443
Web_Portal	fujii	CUDD_REORDER_WINDOW4	0.0000000000	0	0.008	2.1208e+06	306	43.0	55.0	2.0	62.79069767441861	52.62189999527795	62.79069767441861	903	2.54707	1.10742	164	393
Web_Portal	fujii	CUDD_REORDER_ANNEALING	0.0000000000	0	1.076	2.1208e+06	306	43.0	55.0	2.0	62.79069767441861	52.62189999527795	62.79069767441861	903	2.54707	1.10742	65	87
Model_Transformation	fujii	CUDD_REORDER_SIFT	0.0000000000	0	0.016	1.65299e+13	1179	88.0	113.0	1.0	100.0		100.0	3828	3.21317	0.39185	197	197
Model_Transformation	fujii	CUDD_REORDER_SYMM_SIFT	0.0000000000	0	0.028	1.65299e+13	1179	88.0	113.0	1.0	100.0		100.0	3828	3.21317	0.39185	172	172
Model_Transformation	fujii	CUDD_REORDER_WINDOW2	0.0000000000	0.004	0.008	1.65299e+13	1179	88.0	113.0	1.0	100.0		100.0	3828	3.21317	0.39185	373	373
Model_Transformation	fujii	CUDD_REORDER_WINDOW3	0.0000000000	0.004	0.004	1.65299e+13	1179	88.0	113.0	1.0	100.0		100.0	3828	3.21317	0.39185	342	342
Model_Transformation	fujii	CUDD_REORDER_WINDOW4	0.0000000000	0.004	0.012	1.65299e+13	1179	88.0	113.0	1.0	100.0		100.0	3828	3.21317	0.39185	287	287
Model_Transformation	fujii	CUDD_REORDER_ANNEALING	0.0000000000	0.004	4.168	1.65299e+13	1179	88.0	113.0	1.0	100.0		100.0	3828	3.21317	0.39185	137	137
eCos_infra	fujii	CUDD_REORDER_SIFT	0.0000000000	0	0.004	9.43718e+06	331	27.0	31.0	2.0	59.25925925925926	57.61610809668165	59.25925925925926	351	54.9858	5.41311	28	34
eCos_infra	fujii	CUDD_REORDER_SYMM_SIFT	0.0000000000	0	0	9.43718e+06	331	27.0	31.0	2.0	59.25925925925926	57.61610809668165	59.25925925925926	351	54.9858	5.41311	28	34
eCos_infra	fujii	CUDD_REORDER_WINDOW2	0.0000000000	0	0	9.43718e+06	331	27.0	31.0	2.0	59.25925925925926	57.61610809668165	59.25925925925926	351	54.9858	5.41311	28	34
eCos_infra	fujii	CUDD_REORDER_WINDOW3	0.0000000000	0	0.004	9.43718e+06	331	27.0	31.0	2.0	59.25925925925926	57.61610809668165	59.25925925925926	351	54.9858	5.41311	28	34
eCos_infra	fujii	CUDD_REORDER_WINDOW4	0.0000000000	0	0	9.43718e+06	331	27.0	31.0	2.0	59.25925925925926	57.61610809668165	59.25925925925926	351	54.9858	5.41311	28	33
eCos_infra	fujii	CUDD_REORDER_ANNEALING	0.0000000000	0	0.088	9.43718e+06	331	27.0	31.0	2.0	59.25925925925926	57.61610809668165	59.25925925925926	351	54.9858	5.41311	28	34
Assess4me	fujii	CUDD_REORDER_SIFT	0.0100000000	0	0.004	6144	240	40.0	45.0	1.0	100.0		100.0	780	18.0769	2.05128	50	50
Assess4me	fujii	CUDD_REORDER_SYMM_SIFT	0.0100000000	0	0.004	6144	240	40.0	45.0	1.0	100.0		100.0	780	18.0769	2.05128	51	51
Assess4me	fujii	CUDD_REORDER_WINDOW2	0.0100000000	0	0.004	6144	240	40.0	45.0	1.0	100.0		100.0	780	18.0769	2.05128	53	53
Assess4me	fujii	CUDD_REORDER_WINDOW3	0.0100000000	0	0	6144	240	40.0	45.0	1.0	100.0		100.0	780	18.0769	2.05128	52	52
Assess4me	fujii	CUDD_REORDER_WINDOW4	0.0100000000	0	0	6144	240	40.0	45.0	1.0	100.0		100.0	780	18.0769	2.05128	52	52
Assess4me	fujii	CUDD_REORDER_ANNEALING	0.0100000000	0	0.452	6144	240	40.0	45.0	1.0	100.0		100.0	780	18.0769	2.05128	50	50
Documentation_Generation	fujii	CUDD_REORDER_SIFT	0.0000000000	0	0.016	5.56816e+07	705	44.0	61.0	2.0	64.77272727272728	49.81888685632494	64.77272727272728	946	4.65116	0.845666	128	178
Documentation_Generation	fujii	CUDD_REORDER_SYMM_SIFT	0.0000000000	0.004	0.012	5.56816e+07	705	44.0	61.0	2.0	64.77272727272728	49.81888685632494	64.77272727272728	946	4.65116	0.845666	63	88
Documentation_Generation	fujii	CUDD_REORDER_WINDOW2	0.0000000000	0	0.008	5.56816e+07	705	44.0	61.0	2.0	64.77272727272728	49.81888685632494	64.77272727272728	946	4.65116	0.845666	303	2233
Documentation_Generation	fujii	CUDD_REORDER_WINDOW3	0.0000000000	0.004	0.008	5.56816e+07	705	44.0	61.0	2.0	64.77272727272728	49.81888685632494	64.77272727272728	946	4.65116	0.845666	185	1179
Documentation_Generation	fujii	CUDD_REORDER_WINDOW4	0.0000000000	0	0.012	5.56816e+07	705	44.0	61.0	2.0	64.77272727272728	49.81888685632494	64.77272727272728	946	4.65116	0.845666	159	1092
Documentation_Generation	fujii	CUDD_REORDER_ANNEALING	0.0000000000	0.004	1.076	5.56816e+07	705	44.0	61.0	2.0	64.77272727272728	49.81888685632494	64.77272727272728	946	4.65116	0.845666	78	89
LinuxKernel_arch	fujii	CUDD_REORDER_SIFT	0.0000000000	0	0.02	3.4316e+32	7418	121.0	144.0	2.0	63.22314049586777	52.01033349223366	63.22314049586777	7260	44.7658	1.00551	47	63
LinuxKernel_arch	fujii	CUDD_REORDER_SYMM_SIFT	0.0000000000	0	0.02	3.4316e+32	7418	121.0	144.0	2.0	63.22314049586777	52.01033349223366	63.22314049586777	7260	44.7658	1.00551	47	63
LinuxKernel_arch	fujii	CUDD_REORDER_WINDOW2	0.0000000000	0	0.016	3.4316e+32	7418	121.0	144.0	2.0	63.22314049586777	52.01033349223366	63.22314049586777	7260	44.7658	1.00551	157	200
LinuxKernel_arch	fujii	CUDD_REORDER_WINDOW3	0.0000000000	0.004	0.008	3.4316e+32	7418	121.0	144.0	2.0	63.22314049586777	52.01033349223366	63.22314049586777	7260	44.7658	1.00551	142	165
LinuxKernel_arch	fujii	CUDD_REORDER_WINDOW4	0.0000000000	0.004	0.012	3.4316e+32	7418	121.0	144.0	2.0	63.22314049586777	52.01033349223366	63.22314049586777	7260	44.7658	1.00551	118	140
LinuxKernel_arch	fujii	CUDD_REORDER_ANNEALING	0.0000000000	0.004	0.908	3.4316e+32	7418	121.0	144.0	2.0	63.22314049586777	52.01033349223366	63.22314049586777	7260	44.7658	1.00551	35	50
eCos_net	fujii	CUDD_REORDER_SIFT	0.0100000000	0.004	0.016	1.01061e+19	2460	82.0	148.0	2.0	72.5609756097561	33.63068837350653	72.5609756097561	3321	6.98585	0.873231	139	171
eCos_net	fujii	CUDD_REORDER_SYMM_SIFT	0.0100000000	0	0.016	1.01061e+19	2460	82.0	148.0	2.0	72.5609756097561	33.63068837350653	72.5609756097561	3321	6.98585	0.873231	193	232
eCos_net	fujii	CUDD_REORDER_WINDOW2	0.0100000000	0.008	0.008	1.01061e+19	2460	82.0	148.0	2.0	72.5609756097561	33.63068837350653	72.5609756097561	3321	6.98585	0.873231	248	337
eCos_net	fujii	CUDD_REORDER_WINDOW3	0.0100000000	0.004	0.008	1.01061e+19	2460	82.0	148.0	2.0	72.5609756097561	33.63068837350653	72.5609756097561	3321	6.98585	0.873231	212	295
eCos_net	fujii	CUDD_REORDER_WINDOW4	0.0100000000	0	0.008	1.01061e+19	2460	82.0	148.0	2.0	72.5609756097561	33.63068837350653	72.5609756097561	3321	6.98585	0.873231	209	279
eCos_net	fujii	CUDD_REORDER_ANNEALING	0.0100000000	0	3.292	1.01061e+19	2460	82.0	148.0	2.0	72.5609756097561	33.63068837350653	72.5609756097561	3321	6.98585	0.873231	109	147
eCos_fs	fujii	CUDD_REORDER_SIFT	0.0000000000	0	0	49725	96	22.0	24.0	2.0	52.27272727272727	67.49655638598863	52.27272727272727	231	9.95671	2.5974	34	35
eCos_fs	fujii	CUDD_REORDER_SYMM_SIFT	0.0000000000	0	0.004	49725	96	22.0	24.0	2.0	52.27272727272727	67.49655638598863	52.27272727272727	231	9.95671	2.5974	25	26
eCos_fs	fujii	CUDD_REORDER_WINDOW2	0.0000000000	0	0	49725	96	22.0	24.0	2.0	52.27272727272727	67.49655638598863	52.27272727272727	231	9.95671	2.5974	43	45
eCos_fs	fujii	CUDD_REORDER_WINDOW3	0.0000000000	0	0	49725	96	22.0	24.0	2.0	52.27272727272727	67.49655638598863	52.27272727272727	231	9.95671	2.5974	43	45
eCos_fs	fujii	CUDD_REORDER_WINDOW4	0.0000000000	0	0	49725	96	22.0	24.0	2.0	52.27272727272727	67.49655638598863	52.27272727272727	231	9.95671	2.5974	43	44
eCos_fs	fujii	CUDD_REORDER_ANNEALING	0.0000000000	0	0.08	49725	96	22.0	24.0	2.0	52.27272727272727	67.49655638598863	52.27272727272727	231	9.95671	2.5974	25	26
eCos_language	fujii	CUDD_REORDER_SIFT	0.0100000000	0.004	0.02	3.41562e+19	1612	82.0	107.0	2.0	68.29268292682927	44.84091783134204	68.29268292682927	3321	3.82415	0.963565	172	243
eCos_language	fujii	CUDD_REORDER_SYMM_SIFT	0.0100000000	0.004	0.02	3.41562e+19	1612	82.0	107.0	2.0	68.29268292682927	44.84091783134204	68.29268292682927	3321	3.82415	0.963565	194	223
eCos_language	fujii	CUDD_REORDER_WINDOW2	0.0100000000	0	0.004	3.41562e+19	1612	82.0	107.0	2.0	68.29268292682927	44.84091783134204	68.29268292682927	3321	3.82415	0.963565	229	580
eCos_language	fujii	CUDD_REORDER_WINDOW3	0.0100000000	0	0.012	3.41562e+19	1612	82.0	107.0	2.0	68.29268292682927	44.84091783134204	68.29268292682927	3321	3.82415	0.963565	228	556
eCos_language	fujii	CUDD_REORDER_WINDOW4	0.0100000000	0.004	0.004	3.41562e+19	1612	82.0	107.0	2.0	68.29268292682927	44.84091783134204	68.29268292682927	3321	3.82415	0.963565	228	534
eCos_language	fujii	CUDD_REORDER_ANNEALING	0.0100000000	0	4.42	3.41562e+19	1612	82.0	107.0	2.0	68.29268292682927	44.84091783134204	68.29268292682927	3321	3.82415	0.963565	151	202
Graph	fujii	CUDD_REORDER_SIFT	0.0000000000	0	0.004	240	193	30.0	41.0	2.0	61.666666666666664	54.21151989096864	61.666666666666664	435	16.3218	2.75862	38	43
Graph	fujii	CUDD_REORDER_SYMM_SIFT	0.0000000000	0	0.004	240	193	30.0	41.0	2.0	61.666666666666664	54.21151989096864	61.666666666666664	435	16.3218	2.75862	39	44
Graph	fujii	CUDD_REORDER_WINDOW2	0.0000000000	0	0	240	193	30.0	41.0	2.0	61.666666666666664	54.21151989096864	61.666666666666664	435	16.3218	2.75862	43	57
Graph	fujii	CUDD_REORDER_WINDOW3	0.0000000000	0	0	240	193	30.0	41.0	2.0	61.666666666666664	54.21151989096864	61.666666666666664	435	16.3218	2.75862	38	47
Graph	fujii	CUDD_REORDER_WINDOW4	0.0000000000	0	0.004	240	193	30.0	41.0	2.0	61.666666666666664	54.21151989096864	61.666666666666664	435	16.3218	2.75862	40	44
Graph	fujii	CUDD_REORDER_ANNEALING	0.0000000000	0	0.288	240	193	30.0	41.0	2.0	61.666666666666664	54.21151989096864	61.666666666666664	435	16.3218	2.75862	38	43
eCos_compat	fujii	CUDD_REORDER_SIFT	0.0000000000	0	0	7.88954e+06	165	28.0	32.0	2.0	60.714285714285715	55.55838995037159	60.714285714285715	378	21.6931	3.96825	38	43
eCos_compat	fujii	CUDD_REORDER_SYMM_SIFT	0.0000000000	0	0	7.88954e+06	165	28.0	32.0	2.0	60.714285714285715	55.55838995037159	60.714285714285715	378	21.6931	3.96825	38	43
eCos_compat	fujii	CUDD_REORDER_WINDOW2	0.0000000000	0	0.004	7.88954e+06	165	28.0	32.0	2.0	60.714285714285715	55.55838995037159	60.714285714285715	378	21.6931	3.96825	27	31
eCos_compat	fujii	CUDD_REORDER_WINDOW3	0.0000000000	0	0	7.88954e+06	165	28.0	32.0	2.0	60.714285714285715	55.55838995037159	60.714285714285715	378	21.6931	3.96825	27	31
eCos_compat	fujii	CUDD_REORDER_WINDOW4	0.0000000000	0	0	7.88954e+06	165	28.0	32.0	2.0	60.714285714285715	55.55838995037159	60.714285714285715	378	21.6931	3.96825	27	31
eCos_compat	fujii	CUDD_REORDER_ANNEALING	0.0000000000	0	0.124	7.88954e+06	165	28.0	32.0	2.0	60.714285714285715	55.55838995037159	60.714285714285715	378	21.6931	3.96825	28	32
eCos_redboot	fujii	CUDD_REORDER_SIFT	0.0000000000	0	0.004	4.86389e+17	1922	63.0	67.0	2.0	55.55555555555556	62.853936105470886	55.55555555555556	1953	73.2719	2.50896	64	71
eCos_redboot	fujii	CUDD_REORDER_SYMM_SIFT	0.0000000000	0	0.004	4.86389e+17	1922	63.0	67.0	2.0	55.55555555555556	62.853936105470886	55.55555555555556	1953	73.2719	2.50896	64	71
eCos_redboot	fujii	CUDD_REORDER_WINDOW2	0.0000000000	0	0.004	4.86389e+17	1922	63.0	67.0	2.0	55.55555555555556	62.853936105470886	55.55555555555556	1953	73.2719	2.50896	64	71
eCos_redboot	fujii	CUDD_REORDER_WINDOW3	0.0000000000	0	0.004	4.86389e+17	1922	63.0	67.0	2.0	55.55555555555556	62.853936105470886	55.55555555555556	1953	73.2719	2.50896	64	71
eCos_redboot	fujii	CUDD_REORDER_WINDOW4	0.0000000000	0	0	4.86389e+17	1922	63.0	67.0	2.0	55.55555555555556	62.853936105470886	55.55555555555556	1953	73.2719	2.50896	64	70
eCos_redboot	fujii	CUDD_REORDER_ANNEALING	0.0000000000	0	0.608	4.86389e+17	1922	63.0	67.0	2.0	55.55555555555556	62.853936105470886	55.55555555555556	1953	73.2719	2.50896	64	71
LinuxKernel_fs	fujii	CUDD_REORDER_SIFT	0.0500000000	0.032	2.052	3.27212e+82	53964	339.0	541.0	2.0	80.23598820058997	27.950533533627546	80.23598820058997	57291	9.42556	0.193748	3463	5259
LinuxKernel_fs	fujii	CUDD_REORDER_SYMM_SIFT	0.0500000000	0.024	2.08	3.27212e+82	53964	339.0	541.0	2.0	80.23598820058997	27.950533533627546	80.23598820058997	57291	9.42556	0.193748	3458	4346
LinuxKernel_fs	fujii	CUDD_REORDER_WINDOW2	0.0500000000	0.02	1.468	3.27212e+82	53964	339.0	541.0	2.0	80.23598820058997	27.950533533627546	80.23598820058997	57291	9.42556	0.193748	23472	29299
LinuxKernel_fs	fujii	CUDD_REORDER_WINDOW3	0.0500000000	0.02	1.46	3.27212e+82	53964	339.0	541.0	2.0	80.23598820058997	27.950533533627546	80.23598820058997	57291	9.42556	0.193748	20924	25807
LinuxKernel_fs	fujii	CUDD_REORDER_WINDOW4	0.0500000000	0.02	1.408	3.27212e+82	53964	339.0	541.0	2.0	80.23598820058997	27.950533533627546	80.23598820058997	57291	9.42556	0.193748	17083	20733
LinuxKernel_fs	fujii	CUDD_REORDER_ANNEALING	0.0500000000	0.036	461.996	3.27212e+82	53964	339.0	541.0	2.0	80.23598820058997	27.950533533627546	80.23598820058997	57291	9.42556	0.193748	503	1135
LinuxKernel_crypto	fujii	CUDD_REORDER_SIFT	-1.0	-1.0	51710	268.0	493.0	2.0	93.09701492537313	9.76229511339637	93.09701492537313	-1	18446744073709551615
LinuxKernel_crypto	fujii	CUDD_REORDER_SYMM_SIFT	-1.0	-1.0	51710	268.0	493.0	2.0	93.09701492537313	9.76229511339637	93.09701492537313	-1	18446744073709551615
LinuxKernel_crypto	fujii	CUDD_REORDER_WINDOW2	-1.0	-1.0	51710	268.0	493.0	2.0	93.09701492537313	9.76229511339637	93.09701492537313	-1	18446744073709551615
LinuxKernel_crypto	fujii	CUDD_REORDER_WINDOW3	-1.0	-1.0	51710	268.0	493.0	2.0	93.09701492537313	9.76229511339637	93.09701492537313	-1	18446744073709551615
LinuxKernel_crypto	fujii	CUDD_REORDER_WINDOW4	-1.0	-1.0	51710	268.0	493.0	2.0	93.09701492537313	9.76229511339637	93.09701492537313	-1	18446744073709551615
LinuxKernel_crypto	fujii	CUDD_REORDER_ANNEALING	-1.0	-1.0	51710	268.0	493.0	2.0	93.09701492537313	9.76229511339637	93.09701492537313	-1	18446744073709551615
eCos_services	fujii	CUDD_REORDER_SIFT	0.0000000000	0	0.004	5.54232e+11	543	53.0	77.0	2.0	71.69811320754717	40.02491214263477	71.69811320754717	1378	5.22496	1.08853	61	104
eCos_services	fujii	CUDD_REORDER_SYMM_SIFT	0.0000000000	0	0.008	5.54232e+11	543	53.0	77.0	2.0	71.69811320754717	40.02491214263477	71.69811320754717	1378	5.22496	1.08853	61	104
eCos_services	fujii	CUDD_REORDER_WINDOW2	0.0000000000	0	0.004	5.54232e+11	543	53.0	77.0	2.0	71.69811320754717	40.02491214263477	71.69811320754717	1378	5.22496	1.08853	63	133
eCos_services	fujii	CUDD_REORDER_WINDOW3	0.0000000000	0	0.004	5.54232e+11	543	53.0	77.0	2.0	71.69811320754717	40.02491214263477	71.69811320754717	1378	5.22496	1.08853	61	124
eCos_services	fujii	CUDD_REORDER_WINDOW4	0.0000000000	0	0.004	5.54232e+11	543	53.0	77.0	2.0	71.69811320754717	40.02491214263477	71.69811320754717	1378	5.22496	1.08853	63	107
eCos_services	fujii	CUDD_REORDER_ANNEALING	0.0000000000	0	1.104	5.54232e+11	543	53.0	77.0	2.0	71.69811320754717	40.02491214263477	71.69811320754717	1378	5.22496	1.08853	73	108
eCos_kernel	fujii	CUDD_REORDER_SIFT	0.0000000000	0	0	9.40598e+14	1714	57.0	72.0	2.0	67.54385964912281	45.8999138664952	67.54385964912281	1596	37.6566	1.62907	58	84
eCos_kernel	fujii	CUDD_REORDER_SYMM_SIFT	0.0000000000	0	0.004	9.40598e+14	1714	57.0	72.0	2.0	67.54385964912281	45.8999138664952	67.54385964912281	1596	37.6566	1.62907	58	80
eCos_kernel	fujii	CUDD_REORDER_WINDOW2	0.0000000000	0	0	9.40598e+14	1714	57.0	72.0	2.0	67.54385964912281	45.8999138664952	67.54385964912281	1596	37.6566	1.62907	58	109
eCos_kernel	fujii	CUDD_REORDER_WINDOW3	0.0000000000	0	0.008	9.40598e+14	1714	57.0	72.0	2.0	67.54385964912281	45.8999138664952	67.54385964912281	1596	37.6566	1.62907	58	108
eCos_kernel	fujii	CUDD_REORDER_WINDOW4	0.0000000000	0	0.008	9.40598e+14	1714	57.0	72.0	2.0	67.54385964912281	45.8999138664952	67.54385964912281	1596	37.6566	1.62907	58	107
eCos_kernel	fujii	CUDD_REORDER_ANNEALING	0.0000000000	0	0.584	9.40598e+14	1714	57.0	72.0	2.0	67.54385964912281	45.8999138664952	67.54385964912281	1596	37.6566	1.62907	58	80
Smart Home v2	fujii	CUDD_REORDER_SIFT	0.0000000000	0	0	903168	253	38.0	43.0	1.0	100.0		100.0	703	16.7852	1.84922	38	38
Smart Home v2	fujii	CUDD_REORDER_SYMM_SIFT	0.0000000000	0	0.004	903168	253	38.0	43.0	1.0	100.0		100.0	703	16.7852	1.84922	35	35
Smart Home v2	fujii	CUDD_REORDER_WINDOW2	0.0000000000	0	0	903168	253	38.0	43.0	1.0	100.0		100.0	703	16.7852	1.84922	44	44
Smart Home v2	fujii	CUDD_REORDER_WINDOW3	0.0000000000	0	0	903168	253	38.0	43.0	1.0	100.0		100.0	703	16.7852	1.84922	39	39
Smart Home v2	fujii	CUDD_REORDER_WINDOW4	0.0000000000	0	0	903168	253	38.0	43.0	1.0	100.0		100.0	703	16.7852	1.84922	39	39
Smart Home v2	fujii	CUDD_REORDER_ANNEALING	0.0000000000	0	0.24	903168	253	38.0	43.0	1.0	100.0		100.0	703	16.7852	1.84922	39	39
HIS	fujii	CUDD_REORDER_SIFT	0.0100000000	0	0.008	6400	505	67.0	77.0	2.0	55.97014925373134	62.267612074636276	55.97014925373134	2211	31.2528	1.58299	94	133
HIS	fujii	CUDD_REORDER_SYMM_SIFT	0.0100000000	0	0.016	6400	505	67.0	77.0	2.0	55.97014925373134	62.267612074636276	55.97014925373134	2211	31.2528	1.58299	81	109
HIS	fujii	CUDD_REORDER_WINDOW2	0.0100000000	0	0.012	6400	505	67.0	77.0	2.0	55.97014925373134	62.267612074636276	55.97014925373134	2211	31.2528	1.58299	81	189
HIS	fujii	CUDD_REORDER_WINDOW3	0.0100000000	0.004	0.004	6400	505	67.0	77.0	2.0	55.97014925373134	62.267612074636276	55.97014925373134	2211	31.2528	1.58299	80	151
HIS	fujii	CUDD_REORDER_WINDOW4	0.0100000000	0.004	0.012	6400	505	67.0	77.0	2.0	55.97014925373134	62.267612074636276	55.97014925373134	2211	31.2528	1.58299	81	127
HIS	fujii	CUDD_REORDER_ANNEALING	0.0100000000	0	1.512	6400	505	67.0	77.0	2.0	55.97014925373134	62.267612074636276	55.97014925373134	2211	31.2528	1.58299	94	101
LinuxKernel_security	fujii	CUDD_REORDER_SIFT	0.0100000000	0	0.016	2.11552e+15	3198	73.0	117.0	2.0	80.82191780821918	27.12190393592237	80.82191780821918	2628	4.56621	0.494673	183	302
LinuxKernel_security	fujii	CUDD_REORDER_SYMM_SIFT	0.0100000000	0	0.008	2.11552e+15	3198	73.0	117.0	2.0	80.82191780821918	27.12190393592237	80.82191780821918	2628	4.56621	0.494673	178	272
LinuxKernel_security	fujii	CUDD_REORDER_WINDOW2	0.0100000000	0	0.016	2.11552e+15	3198	73.0	117.0	2.0	80.82191780821918	27.12190393592237	80.82191780821918	2628	4.56621	0.494673	420	704
LinuxKernel_security	fujii	CUDD_REORDER_WINDOW3	0.0100000000	0.004	0.008	2.11552e+15	3198	73.0	117.0	2.0	80.82191780821918	27.12190393592237	80.82191780821918	2628	4.56621	0.494673	399	674
LinuxKernel_security	fujii	CUDD_REORDER_WINDOW4	0.0100000000	0	0.008	2.11552e+15	3198	73.0	117.0	2.0	80.82191780821918	27.12190393592237	80.82191780821918	2628	4.56621	0.494673	312	586
LinuxKernel_security	fujii	CUDD_REORDER_ANNEALING	0.0100000000	0	2.26	2.11552e+15	3198	73.0	117.0	2.0	80.82191780821918	27.12190393592237	80.82191780821918	2628	4.56621	0.494673	93	170
SmartTV	fujii	CUDD_REORDER_SIFT	0.0000000000	0	0.028	4.67664e+16	1587	96.0	110.0	1.0	100.0		100.0	4560	6.18421	0.942982	140	140
SmartTV	fujii	CUDD_REORDER_SYMM_SIFT	0.0000000000	0.004	0.02	4.67664e+16	1587	96.0	110.0	1.0	100.0		100.0	4560	6.18421	0.942982	138	138
SmartTV	fujii	CUDD_REORDER_WINDOW2	0.0000000000	0	0.004	4.67664e+16	1587	96.0	110.0	1.0	100.0		100.0	4560	6.18421	0.942982	381	381
SmartTV	fujii	CUDD_REORDER_WINDOW3	0.0000000000	0	0.008	4.67664e+16	1587	96.0	110.0	1.0	100.0		100.0	4560	6.18421	0.942982	354	354
SmartTV	fujii	CUDD_REORDER_WINDOW4	0.0000000000	0.004	0.012	4.67664e+16	1587	96.0	110.0	1.0	100.0		100.0	4560	6.18421	0.942982	347	347
SmartTV	fujii	CUDD_REORDER_ANNEALING	0.0000000000	0	3.832	4.67664e+16	1587	96.0	110.0	1.0	100.0		100.0	4560	6.18421	0.942982	140	140
eCos_io	fujii	CUDD_REORDER_SIFT	0.0000000000	0.004	0.036	1.85602e+32	1936	130.0	156.0	2.0	64.61538461538461	50.04140297627875	64.61538461538461	8385	4.62731	0.644007	248	370
eCos_io	fujii	CUDD_REORDER_SYMM_SIFT	0.0000000000	0	0.04	1.85602e+32	1936	130.0	156.0	2.0	64.61538461538461	50.04140297627875	64.61538461538461	8385	4.62731	0.644007	247	363
eCos_io	fujii	CUDD_REORDER_WINDOW2	0.0000000000	0.004	0.016	1.85602e+32	1936	130.0	156.0	2.0	64.61538461538461	50.04140297627875	64.61538461538461	8385	4.62731	0.644007	251	409
eCos_io	fujii	CUDD_REORDER_WINDOW3	0.0000000000	0	0.012	1.85602e+32	1936	130.0	156.0	2.0	64.61538461538461	50.04140297627875	64.61538461538461	8385	4.62731	0.644007	250	402
eCos_io	fujii	CUDD_REORDER_WINDOW4	0.0000000000	0.004	0.016	1.85602e+32	1936	130.0	156.0	2.0	64.61538461538461	50.04140297627875	64.61538461538461	8385	4.62731	0.644007	242	380
eCos_io	fujii	CUDD_REORDER_ANNEALING	0.0000000000	0.004	13.8	1.85602e+32	1936	130.0	156.0	2.0	64.61538461538461	50.04140297627875	64.61538461538461	8385	4.62731	0.644007	216	233
